data/input/seabird/007_201605262145_CTD-SBtest_CON_BIN.cnv
* Sea-Bird SBE19plus Data File:
* FileName = X:\219-15-530_Gigante_Survey_Mexico\SVP\Seabird\006_201605262145_CTD-SB.hex
* Software Version 1.59
* Temperature SN =  4079
* Conductivity SN =  4079
* System UpLoad Time = May 26 2016 23:47:37
** Lat:  21;28;17.89274 N
** Lon: 94;55;34.84979 W
** WD: 3330m
# nquan = 5
# nvalues = 4583                        
# units = specified
# name 0 = prdM: Pressure, Strain Gauge [db]
# name 1 = tv290C: Temperature [ITS-90, deg C]
# name 2 = c0S/m: Conductivity [S/m]
# name 3 = nbin: number of scans per bin
# name 4 = flag: flag
# span 0 =      1.000,   2430.000       
# span 1 =     4.2715,    29.1241       
# span 2 =   3.345191,   5.880566       
# span 3 =          0,        109       
# span 4 = 0.0000e+00, 0.0000e+00       
# interval = decibars: 1                
# start_time = May 26 2016 21:49:20 [Instrument's time stamp, header]
# bad_flag = -9.990e-29
*END*
[from data line 572]
    573.000     8.1169   3.657698          2 0.0000e+00
    574.000     8.0999   3.656568          1 0.0000e+00
    575.000     8.0914   3.656111          1 0.0000e+00
    576.000     8.0879   3.655810          2 0.0000e+00
    577.000     8.0801   3.654042          1 0.0000e+00
    578.000     8.0586   3.651982          2 0.0000e+00
    579.000     8.0357   3.649725          2 0.0000e+00
    580.000     8.0166   3.648597          2 0.0000e+00
    581.000     8.0102   3.648227          2 0.0000e+00
    582.000     8.0066   3.647930          1 0.0000e+00
    583.000     8.0011   3.646998          2 0.0000e+00
    584.000     7.9919   3.645874          1 0.0000e+00
    585.000     7.9812   3.644916          1 0.0000e+00
    586.000     7.9727   3.644231          2 0.0000e+00
    587.000     7.9643   3.642947          1 0.0000e+00
    588.000     7.9431   3.640526          2 0.0000e+00
    589.000     7.9143   3.637886          2 0.0000e+00
    590.000     7.8889   3.635707          2 0.0000e+00
    591.000     7.8731   3.634230          2 0.0000e+00
    592.000     7.8644   3.633315          1 0.0000e+00
    593.000     7.8545   3.632445          1 0.0000e+00
    594.000     7.8474   3.632230          2 0.0000e+00
    595.000     7.8443   3.632225          1 0.0000e+00
    596.000     7.8436   3.632195          2 0.0000e+00
    597.000     7.8427   3.632232          2 0.0000e+00
    598.000     7.8429   3.632334          1 0.0000e+00
    599.000     7.8429   3.632315          2 0.0000e+00
    600.000     7.8422   3.632281          1 0.0000e+00
    601.000     7.8407   3.632146          2 0.0000e+00
    602.000     7.8396   3.631943          1 0.0000e+00
    603.000     7.8357   3.631577          2 0.0000e+00
    604.000     7.8290   3.630475          2 0.0000e+00
    605.000     7.8152   3.629521          2 0.0000e+00
    606.000     7.8113   3.628743          1 0.0000e+00
    607.000     7.8000   3.626733          1 0.0000e+00
    608.000     7.7819   3.625378          1 0.0000e+00
    609.000     7.7637   3.623542          2 0.0000e+00
    610.000     7.7457   3.622300          2 0.0000e+00
    611.000     7.7275   3.620284          2 0.0000e+00
    612.000     7.7090   3.618717          2 0.0000e+00
    613.000     7.6952   3.617562          1 0.0000e+00
    614.000     7.6854   3.616600          2 0.0000e+00
    615.000     7.6759   3.615837          1 0.0000e+00
    616.000     7.6683   3.614635          1 0.0000e+00
    617.000     7.6450   3.611339          2 0.0000e+00
    618.000     7.6174   3.609721          1 0.0000e+00
    619.000     7.6041   3.609272          2 0.0000e+00
    620.000     7.6019   3.609214          2 0.0000e+00
    621.000     7.5985   3.608713          2 0.0000e+00
    622.000     7.5931   3.608131          2 0.0000e+00
    623.000     7.5856   3.606570          1 0.0000e+00
    624.000     7.5719   3.605048          1 0.0000e+00
    625.000     7.5573   3.604024          1 0.0000e+00
    626.000     7.5433   3.602260          1 0.0000e+00
    627.000     7.5262   3.600891          2 0.0000e+00
    628.000     7.5022   3.598709          2 0.0000e+00
    629.000     7.4791   3.597027          2 0.0000e+00
    630.000     7.4718   3.596735          2 0.0000e+00
    631.000     7.4700   3.596362          2 0.0000e+00
    632.000     7.4639   3.595495          1 0.0000e+00
    633.000     7.4550   3.594694          1 0.0000e+00
    634.000     7.4467   3.594165          2 0.0000e+00
    635.000     7.4397   3.593108          1 0.0000e+00
    636.000     7.4265   3.591876          2 0.0000e+00
    637.000     7.4131   3.590707          2 0.0000e+00
    638.000     7.3988   3.589357          2 0.0000e+00
    639.000     7.3848   3.587976          1 0.0000e+00
    640.000     7.3689   3.585993          2 0.0000e+00
    641.000     7.3532   3.585176          1 0.0000e+00
    642.000     7.3449   3.584482          2 0.0000e+00
    643.000     7.3385   3.584011          1 0.0000e+00
    644.000     7.3330   3.583630          1 0.0000e+00
    645.000     7.3276   3.583128          2 0.0000e+00
    646.000     7.3230   3.582835          2 0.0000e+00
    647.000     7.3173   3.582128          2 0.0000e+00
    648.000     7.3066   3.581199          2 0.0000e+00
    649.000     7.3008   3.580793          2 0.0000e+00
    650.000     7.2968   3.580334          1 0.0000e+00
    651.000     7.2926   3.580065          1 0.0000e+00
    652.000     7.2900   3.579955          1 0.0000e+00
    653.000     7.2858   3.578840          2 0.0000e+00
    654.000     7.2680   3.576944          1 0.0000e+00
    655.000     7.2536   3.576392          2 0.0000e+00
    656.000     7.2450   3.575470          2 0.0000e+00
    657.000     7.2380   3.574732          2 0.0000e+00
    658.000     7.2275   3.573507          2 0.0000e+00
    659.000     7.2154   3.572546          1 0.0000e+00
    660.000     7.2065   3.571683          1 0.0000e+00
    661.000     7.1978   3.571114          2 0.0000e+00
    662.000     7.1911   3.570659          2 0.0000e+00
    663.000     7.1862   3.570314          1 0.0000e+00
    664.000     7.1835   3.569974          2 0.0000e+00
    665.000     7.1770   3.568974          1 0.0000e+00
    666.000     7.1655   3.568003          2 0.0000e+00
    667.000     7.1572   3.567371          1 0.0000e+00
    668.000     7.1489   3.566666          2 0.0000e+00
    669.000     7.1422   3.566168          2 0.0000e+00
    670.000     7.1351   3.565477          2 0.0000e+00
    671.000     7.1288   3.565069          1 0.0000e+00
    672.000     7.1251   3.564789          2 0.0000e+00
    673.000     7.1224   3.564665          1 0.0000e+00
    674.000     7.1206   3.564575          1 0.0000e+00
    675.000     7.1155   3.563732          2 0.0000e+00
    676.000     7.1100   3.563466          2 0.0000e+00
    677.000     7.1051   3.562726          1 0.0000e+00
    678.000     7.0933   3.561568          2 0.0000e+00
    679.000     7.0784   3.560046          2 0.0000e+00
    680.000     7.0685   3.559517          2 0.0000e+00
    681.000     7.0627   3.558838          1 0.0000e+00
    682.000     7.0550   3.558257          1 0.0000e+00
    683.000     7.0480   3.557601          2 0.0000e+00
    684.000     7.0403   3.556891          1 0.0000e+00
    685.000     7.0318   3.556038          2 0.0000e+00
    686.000     7.0226   3.555160          1 0.0000e+00
    687.000     7.0029   3.552066          2 0.0000e+00
    688.000     6.9790   3.550870          2 0.0000e+00
    689.000     6.9643   3.549638          2 0.0000e+00
    690.000     6.9500   3.548348          2 0.0000e+00
    691.000     6.9411   3.547621          1 0.0000e+00
    692.000     6.9309   3.545874          1 0.0000e+00
    693.000     6.9180   3.545393          1 0.0000e+00
    694.000     6.9126   3.545301          2 0.0000e+00
    695.000     6.9089   3.545143          2 0.0000e+00
    696.000     6.9058   3.544919          2 0.0000e+00
    697.000     6.9009   3.544091          2 0.0000e+00
    698.000     6.8905   3.543018          1 0.0000e+00
    699.000     6.8823   3.542487          2 0.0000e+00
    700.000     6.8760   3.541840          1 0.0000e+00
    701.000     6.8686   3.541293          2 0.0000e+00
    702.000     6.8611   3.540378          1 0.0000e+00
    703.000     6.8499   3.539403          2 0.0000e+00
    704.000     6.8399   3.538340          1 0.0000e+00
    705.000     6.8273   3.536881          2 0.0000e+00
    706.000     6.8046   3.534497          1 0.0000e+00
    707.000     6.7864   3.533592          2 0.0000e+00
    708.000     6.7749   3.532338          2 0.0000e+00
    709.000     6.7606   3.531283          2 0.0000e+00
    710.000     6.7538   3.530939          2 0.0000e+00
    711.000     6.7506   3.530777          1 0.0000e+00
    712.000     6.7485   3.530538          1 0.0000e+00
    713.000     6.7454   3.530244          1 0.0000e+00
    714.000     6.7404   3.529732          2 0.0000e+00
    715.000     6.7336   3.529352          2 0.0000e+00
    716.000     6.7278   3.528638          3 0.0000e+00
    717.000     6.7193   3.527989          1 0.0000e+00
    718.000     6.7143   3.527463          2 0.0000e+00
    719.000     6.7085   3.526897          1 0.0000e+00
    720.000     6.7021   3.526053          2 0.0000e+00
    721.000     6.6877   3.524629          2 0.0000e+00
    722.000     6.6740   3.523483          1 0.0000e+00
    723.000     6.6640   3.522831          2 0.0000e+00
    724.000     6.6578   3.522431          2 0.0000e+00
    725.000     6.6502   3.521819          2 0.0000e+00
    726.000     6.6453   3.521372          2 0.0000e+00
    727.000     6.6399   3.520785          1 0.0000e+00
    728.000     6.6326   3.520000          1 0.0000e+00
    729.000     6.6232   3.519067          2 0.0000e+00
    730.000     6.6095   3.517677          2 0.0000e+00
    731.000     6.5952   3.516756          2 0.0000e+00
    732.000     6.5870   3.516141          2 0.0000e+00
    733.000     6.5815   3.515635          2 0.0000e+00
    734.000     6.5752   3.514966          1 0.0000e+00
    735.000     6.5668   3.514221          1 0.0000e+00
    736.000     6.5611   3.513827          2 0.0000e+00
    737.000     6.5554   3.513381          1 0.0000e+00
    738.000     6.5496   3.512951          2 0.0000e+00
    739.000     6.5425   3.512407          3 0.0000e+00
    740.000     6.5375   3.512039          1 0.0000e+00
    741.000     6.5307   3.510853          2 0.0000e+00
    742.000     6.5189   3.509740          1 0.0000e+00
    743.000     6.5084   3.509167          2 0.0000e+00
    744.000     6.5028   3.508840          1 0.0000e+00
    745.000     6.4982   3.508413          2 0.0000e+00
    746.000     6.4915   3.507756          2 0.0000e+00
    747.000     6.4834   3.507201          2 0.0000e+00
    748.000     6.4790   3.506950          2 0.0000e+00
    749.000     6.4774   3.506854          1 0.0000e+00
    750.000     6.4735   3.505889          1 0.0000e+00
    751.000     6.4650   3.505264          2 0.0000e+00
    752.000     6.4531   3.503840          1 0.0000e+00
    753.000     6.4392   3.503044          2 0.0000e+00
    754.000     6.4303   3.502461          2 0.0000e+00
    755.000     6.4222   3.501686          2 0.0000e+00
    756.000     6.4155   3.501274          1 0.0000e+00
    757.000     6.4117   3.500891          2 0.0000e+00
    758.000     6.4060   3.500155          1 0.0000e+00
    759.000     6.3979   3.499778          2 0.0000e+00
    760.000     6.3954   3.499773          1 0.0000e+00
    761.000     6.3936   3.499468          2 0.0000e+00
    762.000     6.3884   3.499006          2 0.0000e+00
    763.000     6.3821   3.498247          2 0.0000e+00
    764.000     6.3735   3.497061          1 0.0000e+00
    765.000     6.3626   3.496441          2 0.0000e+00
    766.000     6.3551   3.495898          1 0.0000e+00
    767.000     6.3483   3.495334          2 0.0000e+00
    768.000     6.3378   3.494346          2 0.0000e+00
    769.000     6.3283   3.493648          2 0.0000e+00
    770.000     6.3212   3.493101          1 0.0000e+00
    771.000     6.3154   3.492550          2 0.0000e+00
    772.000     6.3085   3.491932          1 0.0000e+00
    773.000     6.3002   3.490957          2 0.0000e+00
    774.000     6.2875   3.489798          2 0.0000e+00
    775.000     6.2778   3.489269          1 0.0000e+00
    776.000     6.2728   3.489102          1 0.0000e+00
    777.000     6.2667   3.487980          2 0.0000e+00
    778.000     6.2435   3.485671          3 0.0000e+00
    779.000     6.2258   3.484374          2 0.0000e+00
    780.000     6.2134   3.483088          1 0.0000e+00
    781.000     6.2011   3.482024          1 0.0000e+00
    782.000     6.1903   3.481382          2 0.0000e+00
    783.000     6.1844   3.481284          1 0.0000e+00
    784.000     6.1823   3.481207          2 0.0000e+00
    785.000     6.1816   3.481116          2 0.0000e+00
    786.000     6.1787   3.480787          1 0.0000e+00
    787.000     6.1757   3.480598          2 0.0000e+00
    788.000     6.1695   3.479877          2 0.0000e+00
    789.000     6.1617   3.479178          1 0.0000e+00
    790.000     6.1562   3.478861          2 0.0000e+00
    791.000     6.1507   3.478385          2 0.0000e+00
    792.000     6.1451   3.478011          2 0.0000e+00
    793.000     6.1407   3.477569          1 0.0000e+00
    794.000     6.1354   3.477177          2 0.0000e+00
    795.000     6.1311   3.476484          1 0.0000e+00
    796.000     6.1219   3.475526          2 0.0000e+00
    797.000     6.1082   3.474186          1 0.0000e+00
    798.000     6.0962   3.473587          2 0.0000e+00
    799.000     6.0900   3.473292          2 0.0000e+00
    800.000     6.0862   3.473033          2 0.0000e+00
    801.000     6.0830   3.472769          1 0.0000e+00
    802.000     6.0772   3.471965          2 0.0000e+00
    803.000     6.0690   3.471438          1 0.0000e+00
    804.000     6.0654   3.471349          2 0.0000e+00
    805.000     6.0621   3.470467          1 0.0000e+00
    806.000     6.0500   3.469798          2 0.0000e+00
    807.000     6.0454   3.469692          1 0.0000e+00
    808.000     6.0443   3.469570          2 0.0000e+00
    809.000     6.0411   3.469297          2 0.0000e+00
    810.000     6.0338   3.468332          2 0.0000e+00
    811.000     6.0224   3.467428          2 0.0000e+00
    812.000     6.0163   3.467076          1 0.0000e+00
    813.000     6.0130   3.466934          1 0.0000e+00
    814.000     6.0105   3.466684          2 0.0000e+00
    815.000     6.0054   3.466044          1 0.0000e+00
    816.000     5.9950   3.465193          3 0.0000e+00
    817.000     5.9873   3.464757          2 0.0000e+00
    818.000     5.9844   3.464620          1 0.0000e+00
    819.000     5.9830   3.464526          1 0.0000e+00
    820.000     5.9805   3.464257          2 0.0000e+00
    821.000     5.9761   3.463838          1 0.0000e+00
    822.000     5.9723   3.463718          3 0.0000e+00
    823.000     5.9703   3.463570          1 0.0000e+00
    824.000     5.9673   3.463175          2 0.0000e+00
    825.000     5.9625   3.462794          1 0.0000e+00
    826.000     5.9586   3.462573          2 0.0000e+00
    827.000     5.9562   3.462498          2 0.0000e+00
    828.000     5.9546   3.462442          1 0.0000e+00
    829.000     5.9531   3.462203          2 0.0000e+00
    830.000     5.9494   3.461839          1 0.0000e+00
    831.000     5.9457   3.461619          2 0.0000e+00
    832.000     5.9425   3.461424          1 0.0000e+00
    833.000     5.9401   3.461275          3 0.0000e+00
    834.000     5.9379   3.461074          2 0.0000e+00
    835.000     5.9337   3.460305          1 0.0000e+00
    836.000     5.9239   3.459622          2 0.0000e+00
    837.000     5.9167   3.458472          1 0.0000e+00
    838.000     5.9053   3.457831          1 0.0000e+00
    839.000     5.8971   3.457328          1 0.0000e+00
    840.000     5.8926   3.457310          2 0.0000e+00
    841.000     5.8911   3.457243          3 0.0000e+00
    842.000     5.8881   3.456886          1 0.0000e+00
    843.000     5.8854   3.456789          2 0.0000e+00
    844.000     5.8837   3.456610          1 0.0000e+00
    845.000     5.8803   3.456294          2 0.0000e+00
    846.000     5.8756   3.455803          2 0.0000e+00
    847.000     5.8697   3.455399          1 0.0000e+00
    848.000     5.8653   3.455110          2 0.0000e+00
    849.000     5.8625   3.454920          2 0.0000e+00
    850.000     5.8596   3.454771          1 0.0000e+00
    851.000     5.8585   3.454782          2 0.0000e+00
    852.000     5.8577   3.454712          2 0.0000e+00
    853.000     5.8547   3.454250          2 0.0000e+00
    854.000     5.8492   3.453724          1 0.0000e+00
    855.000     5.8414   3.452888          2 0.0000e+00
    856.000     5.8315   3.451693          1 0.0000e+00
    857.000     5.8133   3.450134          2 0.0000e+00
