data/input/seabird/007_201605262145_CTD-SB_CON_BIN_DER.cnv
* Sea-Bird SBE19plus Data File:
* FileName = X:\219-15-530_Gigante_Survey_Mexico\SVP\Seabird\006_201605262145_CTD-SB.hex
* Software Version 1.59
* Temperature SN =  4079
* Conductivity SN =  4079
* System UpLoad Time = May 26 2016 23:47:37
** Lat:  21;28;17.89274 N
** Lon: 94;55;34.84979 W
** WD: 3330m
# nquan = 9                                 
# nvalues = 4583                        
# units = specified
# name 0 = prdM: Pressure, Strain Gauge [db]
# name 1 = tv290C: Temperature [ITS-90, deg C]
# name 2 = c0S/m: Conductivity [S/m]
# name 3 = nbin: number of scans per bin
# name 4 = density00: Density [density, kg/m^3]
# name 5 = sal00: Salinity, Practical [PSU]
# name 6 = depSM: Depth [salt water, m], lat = 21.47
# name 7 = svDM: Sound Velocity [Delgrosso, m/s]
# name 8 = flag: flag
# span 0 =      1.000,   2430.000       
# span 1 =     4.2715,    29.1241       
# span 2 =   3.345191,   5.880566       
# span 3 =          0,        109       
# span 4 =  1022.3978,  1038.7485       
# span 5 =    34.9098,    36.5436       
# span 6 =      0.994,   2401.037       
# span 7 =    1487.37,    1544.32       
# span 8 = 0.0000e+00, 0.0000e+00       
# interval = decibars: 1                
# start_time = May 26 2016 21:49:20 [Instrument's time stamp, header]
# bad_flag = -9.990e-29
*END*
[from data line 3841]
   1018.000     5.0823   3.393050          3  1032.2801    34.9384   1009.218    1487.45 0.0000e+00
   1017.000     5.0845   3.393177          2  1032.2750    34.9381   1008.229    1487.45 0.0000e+00
   1016.000     5.0863   3.393368          3  1032.2709    34.9389   1007.240    1487.44 0.0000e+00
   1015.000     5.0894   3.393598          2  1032.2658    34.9388   1006.251    1487.43 0.0000e+00
   1014.000     5.0928   3.394044          2  1032.2624    34.9409   1005.262    1487.43 0.0000e+00
   1013.000     5.0994   3.394641          1  1032.2574    34.9414   1004.273    1487.44 0.0000e+00
   1012.000     5.1059   3.395069          2  1032.2509    34.9400   1003.284    1487.45 0.0000e+00
   1011.000     5.1102   3.395280          4  1032.2445    34.9385   1002.295    1487.45 0.0000e+00
   1010.000     5.1150   3.395529          3  1032.2380    34.9369   1001.306    1487.45 0.0000e+00
   1009.000     5.1156   3.395577          2  1032.2337    34.9373   1000.317    1487.44 0.0000e+00
   1008.000     5.1172   3.395815          1  1032.2302    34.9388    999.328    1487.43 0.0000e+00
   1007.000     5.1222   3.396509          2  1032.2275    34.9421    998.339    1487.44 0.0000e+00
   1006.000     5.1312   3.397184          1  1032.2209    34.9410    997.350    1487.46 0.0000e+00
   1005.000     5.1394   3.397618          3  1032.2128    34.9380    996.361    1487.47 0.0000e+00
   1004.000     5.1441   3.397832          4  1032.2061    34.9360    995.372    1487.47 0.0000e+00
   1003.000     5.1447   3.397821          2  1032.2013    34.9358    994.383    1487.46 0.0000e+00
   1002.000     5.1456   3.397907          2  1032.1970    34.9363    993.394    1487.45 0.0000e+00
   1001.000     5.1475   3.398016          1  1032.1921    34.9361    992.405    1487.44 0.0000e+00
   1000.000     5.1495   3.398183          2  1032.1875    34.9364    991.416    1487.43 0.0000e+00
    999.000     5.1508   3.398219          3  1032.1824    34.9360    990.427    1487.42 0.0000e+00
    998.000     5.1522   3.398302          2  1032.1777    34.9360    989.438    1487.41 0.0000e+00
    997.000     5.1534   3.398347          3  1032.1728    34.9358    988.448    1487.40 0.0000e+00
    996.000     5.1554   3.398574          2  1032.1688    34.9368    987.459    1487.39 0.0000e+00
    995.000     5.1584   3.398811          1  1032.1639    34.9369    986.470    1487.38 0.0000e+00
    994.000     5.1616   3.399056          2  1032.1589    34.9369    985.481    1487.38 0.0000e+00
    993.000     5.1668   3.399511          3  1032.1539    34.9372    984.492    1487.39 0.0000e+00
    992.000     5.1739   3.400038          3  1032.1477    34.9363    983.503    1487.40 0.0000e+00
    991.000     5.1767   3.400187          2  1032.1422    34.9356    982.514    1487.39 0.0000e+00
    990.000     5.1789   3.400320          2  1032.1372    34.9354    981.525    1487.38 0.0000e+00
    989.000     5.1811   3.400643          2  1032.1338    34.9373    980.536    1487.38 0.0000e+00
    988.000     5.1872   3.401147          2  1032.1284    34.9372    979.547    1487.39 0.0000e+00
    987.000     5.1952   3.401884          2  1032.1232    34.9379    978.558    1487.40 0.0000e+00
    986.000     5.2023   3.402276          2  1032.1158    34.9355    977.568    1487.41 0.0000e+00
    985.000     5.2052   3.402387          2  1032.1099    34.9343    976.579    1487.41 0.0000e+00
    984.000     5.2062   3.402405          4  1032.1050    34.9339    975.590    1487.39 0.0000e+00
    983.000     5.2075   3.402528          2  1032.1007    34.9345    974.601    1487.38 0.0000e+00
    982.000     5.2091   3.402662          1  1032.0962    34.9348    973.612    1487.37 0.0000e+00
    981.000     5.2118   3.403036          2  1032.0929    34.9368    972.623    1487.37 0.0000e+00
    980.000     5.2182   3.403883          1  1032.0902    34.9404    971.634    1487.39 0.0000e+00
    979.000     5.2326   3.404863          3  1032.0811    34.9372    970.645    1487.42 0.0000e+00
    978.000     5.2388   3.405014          3  1032.0724    34.9330    969.655    1487.43 0.0000e+00
    977.000     5.2397   3.405015          3  1032.0674    34.9325    968.666    1487.41 0.0000e+00
    976.000     5.2399   3.404995          2  1032.0629    34.9326    967.677    1487.40 0.0000e+00
    975.000     5.2404   3.405100          1  1032.0592    34.9338    966.688    1487.39 0.0000e+00
    974.000     5.2434   3.405400          2  1032.0549    34.9346    965.699    1487.38 0.0000e+00
    973.000     5.2498   3.406070          3  1032.0507    34.9361    964.710    1487.39 0.0000e+00
    972.000     5.2626   3.407257          2  1032.0450    34.9369    963.720    1487.43 0.0000e+00
    971.000     5.2761   3.408305          2  1032.0373    34.9354    962.731    1487.47 0.0000e+00
    970.000     5.2791   3.408234          2  1032.0297    34.9320    961.742    1487.46 0.0000e+00
    969.000     5.2793   3.408157          3  1032.0247    34.9314    960.753    1487.44 0.0000e+00
    968.000     5.2798   3.408182          2  1032.0203    34.9317    959.764    1487.43 0.0000e+00
    967.000     5.2815   3.408428          3  1032.0167    34.9332    958.774    1487.42 0.0000e+00
    966.000     5.2896   3.409333          2  1032.0129    34.9357    957.785    1487.44 0.0000e+00
    965.000     5.2976   3.409741          2  1032.0048    34.9325    956.796    1487.45 0.0000e+00
    964.000     5.3000   3.409829          2  1031.9992    34.9316    955.807    1487.44 0.0000e+00
    963.000     5.3016   3.409890          2  1031.9941    34.9311    954.818    1487.43 0.0000e+00
    962.000     5.3050   3.410208          4  1031.9895    34.9317    953.828    1487.43 0.0000e+00
    961.000     5.3090   3.410553          2  1031.9846    34.9320    952.839    1487.43 0.0000e+00
    960.000     5.3135   3.411125          2  1031.9813    34.9344    951.850    1487.44 0.0000e+00
    959.000     5.3208   3.411763          1  1031.9759    34.9346    950.861    1487.45 0.0000e+00
    958.000     5.3301   3.412542          2  1031.9699    34.9343    949.871    1487.47 0.0000e+00
    957.000     5.3363   3.412718          3  1031.9614    34.9304    948.882    1487.48 0.0000e+00
    956.000     5.3384   3.412853          2  1031.9565    34.9303    947.893    1487.47 0.0000e+00
    955.000     5.3397   3.412903          2  1031.9515    34.9300    946.904    1487.46 0.0000e+00
    954.000     5.3424   3.413190          3  1031.9474    34.9310    945.914    1487.45 0.0000e+00
    953.000     5.3475   3.413667          3  1031.9426    34.9317    944.925    1487.46 0.0000e+00
    952.000     5.3517   3.414015          2  1031.9376    34.9318    943.936    1487.46 0.0000e+00
    951.000     5.3567   3.414498          2  1031.9330    34.9326    942.947    1487.46 0.0000e+00
    950.000     5.3666   3.415055          8  1031.9244    34.9292    941.957    1487.48 0.0000e+00
    949.000     5.3662   3.415108          1  1031.9211    34.9307    940.968    1487.47 0.0000e+00
    948.000     5.3703   3.415486          2  1031.9164    34.9313    939.979    1487.47 0.0000e+00
    947.000     5.3772   3.415975          3  1031.9101    34.9302    938.989    1487.48 0.0000e+00
    946.000     5.3816   3.416334          2  1031.9050    34.9303    938.000    1487.48 0.0000e+00
    945.000     5.3854   3.416663          1  1031.9001    34.9306    937.011    1487.48 0.0000e+00
    944.000     5.3917   3.417244          2  1031.8952    34.9312    936.021    1487.49 0.0000e+00
    943.000     5.3974   3.417639          1  1031.8891    34.9303    935.032    1487.49 0.0000e+00
    942.000     5.4010   3.417855          2  1031.8835    34.9295    934.043    1487.49 0.0000e+00
    941.000     5.4047   3.418007          2  1031.8772    34.9279    933.053    1487.49 0.0000e+00
    940.000     5.4062   3.418060          2  1031.8721    34.9275    932.064    1487.48 0.0000e+00
    939.000     5.4071   3.418105          2  1031.8675    34.9276    931.075    1487.46 0.0000e+00
    938.000     5.4082   3.418381          1  1031.8647    34.9301    930.085    1487.46 0.0000e+00
    937.000     5.4152   3.419057          3  1031.8600    34.9310    929.096    1487.47 0.0000e+00
    936.000     5.4244   3.419785          2  1031.8536    34.9303    928.107    1487.49 0.0000e+00
    935.000     5.4324   3.420374          2  1031.8470    34.9292    927.117    1487.50 0.0000e+00
    934.000     5.4363   3.420638          1  1031.8415    34.9287    926.128    1487.50 0.0000e+00
    933.000     5.4410   3.421112          2  1031.8371    34.9297    925.139    1487.51 0.0000e+00
    932.000     5.4465   3.421403          2  1031.8304    34.9279    924.149    1487.51 0.0000e+00
    931.000     5.4490   3.421501          2  1031.8247    34.9269    923.160    1487.50 0.0000e+00
    930.000     5.4512   3.421765          2  1031.8208    34.9281    922.171    1487.50 0.0000e+00
    929.000     5.4546   3.422068          1  1031.8161    34.9285    921.181    1487.49 0.0000e+00
    928.000     5.4595   3.422489          2  1031.8111    34.9288    920.192    1487.50 0.0000e+00
    927.000     5.4641   3.422808          2  1031.8054    34.9281    919.202    1487.50 0.0000e+00
    926.000     5.4689   3.423274          2  1031.8008    34.9290    918.213    1487.50 0.0000e+00
    925.000     5.4775   3.423859          3  1031.7937    34.9273    917.224    1487.52 0.0000e+00
    924.000     5.4842   3.424584          2  1031.7897    34.9291    916.234    1487.53 0.0000e+00
    923.000     5.4898   3.424904          1  1031.7830    34.9274    915.245    1487.54 0.0000e+00
    922.000     5.4916   3.424942          2  1031.7775    34.9265    914.255    1487.53 0.0000e+00
    921.000     5.4931   3.425005          1  1031.7725    34.9262    913.266    1487.51 0.0000e+00
    920.000     5.4945   3.425060          2  1031.7675    34.9258    912.277    1487.50 0.0000e+00
    919.000     5.4971   3.425268          3  1031.7627    34.9260    911.287    1487.50 0.0000e+00
    918.000     5.5021   3.425918          2  1031.7596    34.9287    910.298    1487.51 0.0000e+00
    917.000     5.5113   3.426658          2  1031.7533    34.9281    909.308    1487.53 0.0000e+00
    916.000     5.5160   3.426816          2  1031.7461    34.9256    908.319    1487.52 0.0000e+00
    915.000     5.5184   3.427123          2  1031.7424    34.9271    907.329    1487.52 0.0000e+00
    914.000     5.5247   3.427721          2  1031.7376    34.9279    906.340    1487.53 0.0000e+00
    913.000     5.5316   3.428300          1  1031.7320    34.9278    905.350    1487.54 0.0000e+00
    912.000     5.5363   3.428615          2  1031.7262    34.9270    904.361    1487.54 0.0000e+00
    911.000     5.5439   3.429522          2  1031.7229    34.9300    903.372    1487.56 0.0000e+00
    910.000     5.5562   3.430492          2  1031.7157    34.9288    902.382    1487.59 0.0000e+00
    909.000     5.5660   3.431032          3  1031.7070    34.9253    901.393    1487.61 0.0000e+00
    908.000     5.5701   3.431285          2  1031.7012    34.9245    900.403    1487.61 0.0000e+00
    907.000     5.5727   3.431458          2  1031.6961    34.9243    899.414    1487.60 0.0000e+00
    906.000     5.5740   3.431452          2  1031.6907    34.9233    898.424    1487.59 0.0000e+00
    905.000     5.5765   3.431872          2  1031.6879    34.9260    897.435    1487.59 0.0000e+00
    904.000     5.5822   3.432449          2  1031.6835    34.9272    896.445    1487.60 0.0000e+00
    903.000     5.5892   3.432979          1  1031.6774    34.9265    895.456    1487.61 0.0000e+00
    902.000     5.5946   3.433182          3  1031.6699    34.9237    894.466    1487.61 0.0000e+00
    901.000     5.5959   3.433152          2  1031.6642    34.9225    893.477    1487.60 0.0000e+00
    900.000     5.5972   3.433406          2  1031.6611    34.9246    892.487    1487.59 0.0000e+00
    899.000     5.6012   3.433715          3  1031.6559    34.9244    891.498    1487.59 0.0000e+00
    898.000     5.6049   3.433996          1  1031.6507    34.9243    890.508    1487.59 0.0000e+00
    897.000     5.6089   3.434446          2  1031.6468    34.9258    889.519    1487.59 0.0000e+00
    896.000     5.6149   3.434876          2  1031.6408    34.9250    888.529    1487.60 0.0000e+00
    895.000     5.6188   3.435178          2  1031.6356    34.9249    887.539    1487.59 0.0000e+00
    894.000     5.6255   3.435874          2  1031.6313    34.9263    886.550    1487.61 0.0000e+00
    893.000     5.6347   3.436399          3  1031.6230    34.9233    885.560    1487.62 0.0000e+00
    892.000     5.6382   3.436577          2  1031.6171    34.9222    884.571    1487.62 0.0000e+00
    891.000     5.6390   3.436714          2  1031.6134    34.9234    883.581    1487.61 0.0000e+00
    890.000     5.6430   3.437221          1  1031.6100    34.9255    882.592    1487.61 0.0000e+00
    889.000     5.6485   3.437666          2  1031.6046    34.9254    881.602    1487.62 0.0000e+00
    888.000     5.6554   3.438197          2  1031.5986    34.9248    880.613    1487.63 0.0000e+00
    887.000     5.6623   3.438628          2  1031.5917    34.9231    879.623    1487.64 0.0000e+00
    886.000     5.6651   3.438761          3  1031.5860    34.9222    878.633    1487.63 0.0000e+00
    885.000     5.6668   3.438841          2  1031.5810    34.9218    877.644    1487.62 0.0000e+00
    884.000     5.6689   3.439118          2  1031.5773    34.9233    876.654    1487.61 0.0000e+00
    883.000     5.6746   3.439737          2  1031.5732    34.9249    875.665    1487.62 0.0000e+00
    882.000     5.6804   3.440134          1  1031.5671    34.9240    874.675    1487.63 0.0000e+00
    881.000     5.6848   3.440340          2  1031.5606    34.9223    873.685    1487.63 0.0000e+00
    880.000     5.6896   3.440937          3  1031.5572    34.9246    872.696    1487.63 0.0000e+00
    879.000     5.7007   3.441729          3  1031.5495    34.9226    871.706    1487.66 0.0000e+00
    878.000     5.7049   3.442001          1  1031.5438    34.9218    870.717    1487.66 0.0000e+00
    877.000     5.7075   3.442297          2  1031.5398    34.9230    869.727    1487.65 0.0000e+00
    876.000     5.7162   3.443697          2  1031.5398    34.9304    868.737    1487.68 0.0000e+00
    875.000     5.7326   3.444793          2  1031.5297    34.9264    867.748    1487.73 0.0000e+00
    874.000     5.7420   3.445212          2  1031.5204    34.9220    866.758    1487.74 0.0000e+00
    873.000     5.7455   3.445405          2  1031.5146    34.9210    865.768    1487.74 0.0000e+00
    872.000     5.7493   3.445656          3  1031.5091    34.9205    864.779    1487.74 0.0000e+00
    871.000     5.7512   3.445905          2  1031.5053    34.9218    863.789    1487.73 0.0000e+00
    870.000     5.7576   3.446781          2  1031.5028    34.9256    862.799    1487.74 0.0000e+00
    869.000     5.7659   3.447429          1  1031.4966    34.9249    861.810    1487.76 0.0000e+00
    868.000     5.7720   3.447754          1  1031.4895    34.9228    860.820    1487.77 0.0000e+00
    867.000     5.7759   3.447855          3  1031.4825    34.9204    859.830    1487.76 0.0000e+00
    866.000     5.7778   3.447870          3  1031.4767    34.9191    858.841    1487.75 0.0000e+00
    865.000     5.7780   3.447926          2  1031.4729    34.9200    857.851    1487.74 0.0000e+00
    864.000     5.7798   3.448103          2  1031.4686    34.9207    856.861    1487.73 0.0000e+00
    863.000     5.7837   3.448506          2  1031.4643    34.9217    855.872    1487.73 0.0000e+00
    862.000     5.7877   3.448811          2  1031.4590    34.9215    854.882    1487.73 0.0000e+00
    861.000     5.7911   3.449045          1  1031.4537    34.9212    853.892    1487.73 0.0000e+00
    860.000     5.7935   3.449083          2  1031.4476    34.9196    852.903    1487.72 0.0000e+00
