data/input/seabird/007_201605262145_CTD-SB_CON_BIN_DER.cnv
* Sea-Bird SBE19plus Data File:
* FileName = X:\219-15-530_Gigante_Survey_Mexico\SVP\Seabird\006_201605262145_CTD-SB.hex
* Software Version 1.59
* Temperature SN =  4079
* Conductivity SN =  4079
* System UpLoad Time = May 26 2016 23:47:37
** Lat:  21;28;17.89274 N
** Lon: 94;55;34.84979 W
** WD: 3330m
# nquan = 9                                 
# nvalues = 4583                        
# units = specified
# name 0 = prdM: Pressure, Strain Gauge [db]
# name 1 = tv290C: Temperature [ITS-90, deg C]
# name 2 = c0S/m: Conductivity [S/m]
# name 3 = nbin: number of scans per bin
# name 4 = density00: Density [density, kg/m^3]
# name 5 = sal00: Salinity, Practical [PSU]
# name 6 = depSM: Depth [salt water, m], lat = 21.47
# name 7 = svDM: Sound Velocity [Delgrosso, m/s]
# name 8 = flag: flag
# span 0 =      1.000,   2430.000       
# span 1 =     4.2715,    29.1241       
# span 2 =   3.345191,   5.880566       
# span 3 =          0,        109       
# span 4 =  1022.3978,  1038.7485       
# span 5 =    34.9098,    36.5436       
# span 6 =      0.994,   2401.037       
# span 7 =    1487.37,    1544.32       
# span 8 = 0.0000e+00, 0.0000e+00       
# interval = decibars: 1                
# start_time = May 26 2016 21:49:20 [Instrument's time stamp, header]
# bad_flag = -9.990e-29
*END*
[from data line 321]
    322.000    12.3539   4.103343          1  1028.3710    35.5321    319.755    1503.91 0.0000e+00
    323.000    12.3430   4.102802          1  1028.3813    35.5367    320.748    1503.89 0.0000e+00
    324.000    12.3318   4.100138          2  1028.3758    35.5211    321.740    1503.85 0.0000e+00
    325.000    12.2821   4.092429          2  1028.3685    35.4929    322.732    1503.66 0.0000e+00
    326.000    12.2167   4.086619          2  1028.3900    35.4980    323.724    1503.46 0.0000e+00
    327.000    12.1853   4.085067          1  1028.4117    35.5122    324.717    1503.39 0.0000e+00
    328.000    12.1785   4.084839          1  1028.4205    35.5160    325.709    1503.39 0.0000e+00
    329.000    12.1771   4.084635          2  1028.4244    35.5149    326.701    1503.40 0.0000e+00
    330.000    12.1736   4.084076          1  1028.4276    35.5124    327.693    1503.40 0.0000e+00
    331.000    12.1688   4.083388          1  1028.4310    35.5098    328.686    1503.40 0.0000e+00
    332.000    12.1452   4.079006          2  1028.4241    35.4891    329.678    1503.31 0.0000e+00
    333.000    12.1135   4.076843          2  1028.4415    35.4977    330.670    1503.23 0.0000e+00
    334.000    12.1050   4.076661          2  1028.4522    35.5036    331.662    1503.22 0.0000e+00
    335.000    12.1023   4.076342          1  1028.4564    35.5026    332.654    1503.23 0.0000e+00
    336.000    12.0983   4.076160          1  1028.4629    35.5042    333.647    1503.23 0.0000e+00
    337.000    12.0970   4.075883          2  1028.4662    35.5023    334.639    1503.24 0.0000e+00
    338.000    12.0853   4.071515          1  1028.4482    35.4704    335.631    1503.18 0.0000e+00
    339.000    12.0324   4.065347          2  1028.4552    35.4600    336.623    1503.00 0.0000e+00
    340.000    11.9940   4.063367          1  1028.4802    35.4767    337.615    1502.91 0.0000e+00
    341.000    11.9821   4.062495          2  1028.4888    35.4790    338.608    1502.89 0.0000e+00
    342.000    11.9684   4.060012          1  1028.4869    35.4674    339.600    1502.84 0.0000e+00
    343.000    11.9403   4.055907          2  1028.4862    35.4535    340.592    1502.75 0.0000e+00
    344.000    11.8941   4.051432          2  1028.4996    35.4532    341.584    1502.60 0.0000e+00
    345.000    11.8637   4.049382          1  1028.5165    35.4616    342.576    1502.53 0.0000e+00
    346.000    11.8506   4.048009          2  1028.5225    35.4602    343.568    1502.50 0.0000e+00
    347.000    11.8380   4.046734          1  1028.5287    35.4593    344.560    1502.47 0.0000e+00
    348.000    11.8273   4.045102          1  1028.5304    35.4530    345.553    1502.44 0.0000e+00
    349.000    11.8050   4.040550          2  1028.5208    35.4292    346.545    1502.35 0.0000e+00
    350.000    11.7539   4.035444          2  1028.5338    35.4273    347.537    1502.19 0.0000e+00
    351.000    11.7103   4.031570          1  1028.5491    35.4303    348.529    1502.06 0.0000e+00
    352.000    11.6788   4.028039          2  1028.5558    35.4252    349.521    1501.96 0.0000e+00
    353.000    11.6561   4.026342          2  1028.5682    35.4297    350.513    1501.90 0.0000e+00
    354.000    11.6431   4.025166          1  1028.5754    35.4301    351.505    1501.88 0.0000e+00
    355.000    11.6313   4.023378          1  1028.5769    35.4233    352.497    1501.84 0.0000e+00
    356.000    11.6102   4.020502          2  1028.5788    35.4147    353.489    1501.78 0.0000e+00
    357.000    11.5833   4.018040          1  1028.5893    35.4157    354.482    1501.70 0.0000e+00
    358.000    11.5636   4.016078          2  1028.5968    35.4147    355.474    1501.65 0.0000e+00
    359.000    11.5457   4.014281          1  1028.6039    35.4136    356.466    1501.60 0.0000e+00
    360.000    11.5323   4.013282          2  1028.6129    35.4161    357.458    1501.57 0.0000e+00
    361.000    11.5159   4.010651          2  1028.6122    35.4054    358.450    1501.52 0.0000e+00
    362.000    11.4939   4.008659          2  1028.6216    35.4063    359.442    1501.46 0.0000e+00
    363.000    11.4807   4.007910          1  1028.6324    35.4111    360.434    1501.44 0.0000e+00
    364.000    11.4739   4.007058          2  1028.6363    35.4087    361.426    1501.43 0.0000e+00
    365.000    11.4652   4.005378          1  1028.6357    35.4000    362.418    1501.40 0.0000e+00
    366.000    11.4446   4.001899          1  1028.6324    35.3848    363.410    1501.33 0.0000e+00
    367.000    11.4191   4.000224          2  1028.6475    35.3922    364.402    1501.27 0.0000e+00
    368.000    11.4020   3.998030          1  1028.6508    35.3864    365.394    1501.22 0.0000e+00
    369.000    11.3801   3.996115          2  1028.6606    35.3880    366.386    1501.16 0.0000e+00
    370.000    11.3641   3.994797          2  1028.6696    35.3898    367.378    1501.12 0.0000e+00
    371.000    11.3421   3.991574          2  1028.6695    35.3784    368.370    1501.05 0.0000e+00
    372.000    11.3157   3.988925          1  1028.6779    35.3770    369.362    1500.97 0.0000e+00
    373.000    11.2960   3.986361          2  1028.6807    35.3700    370.354    1500.91 0.0000e+00
    374.000    11.2693   3.982536          1  1028.6804    35.3572    371.346    1500.82 0.0000e+00
    375.000    11.2391   3.979618          1  1028.6902    35.3567    372.338    1500.73 0.0000e+00
    376.000    11.2147   3.978095          1  1028.7054    35.3645    373.330    1500.67 0.0000e+00
    377.000    11.2020   3.976917          2  1028.7123    35.3645    374.322    1500.64 0.0000e+00
    378.000    11.1828   3.974785          2  1028.7180    35.3613    375.314    1500.59 0.0000e+00
    379.000    11.1642   3.973484          2  1028.7294    35.3657    376.306    1500.54 0.0000e+00
    380.000    11.1544   3.972437          1  1028.7346    35.3642    377.298    1500.52 0.0000e+00
    381.000    11.1470   3.971803          2  1028.7408    35.3646    378.290    1500.51 0.0000e+00
    382.000    11.1424   3.971233          1  1028.7448    35.3629    379.282    1500.51 0.0000e+00
    383.000    11.1365   3.969778          1  1028.7432    35.3536    380.274    1500.50 0.0000e+00
    384.000    11.1107   3.965894          2  1028.7414    35.3393    381.266    1500.40 0.0000e+00
    385.000    11.0827   3.963657          1  1028.7544    35.3434    382.258    1500.33 0.0000e+00
    386.000    11.0640   3.962095          2  1028.7639    35.3453    383.250    1500.28 0.0000e+00
    387.000    11.0366   3.958282          2  1028.7641    35.3331    384.242    1500.19 0.0000e+00
    388.000    11.0108   3.956367          1  1028.7775    35.3384    385.234    1500.12 0.0000e+00
    389.000    10.9944   3.954459          2  1028.7822    35.3346    386.226    1500.07 0.0000e+00
    390.000    10.9801   3.953346          1  1028.7911    35.3368    387.218    1500.04 0.0000e+00
    391.000    10.9698   3.951855          2  1028.7933    35.3314    388.210    1500.02 0.0000e+00
    392.000    10.9546   3.950137          1  1028.7983    35.3283    389.202    1499.97 0.0000e+00
    393.000    10.9373   3.948277          2  1028.8041    35.3259    390.194    1499.93 0.0000e+00
    394.000    10.9167   3.945071          1  1028.8026    35.3132    391.186    1499.86 0.0000e+00
    395.000    10.8720   3.939712          2  1028.8069    35.3021    392.178    1499.70 0.0000e+00
    396.000    10.8419   3.938269          1  1028.8279    35.3162    393.169    1499.63 0.0000e+00
    397.000    10.8314   3.937653          2  1028.8371    35.3197    394.161    1499.61 0.0000e+00
    398.000    10.8248   3.937184          1  1028.8437    35.3209    395.153    1499.61 0.0000e+00
    399.000    10.8129   3.934473          2  1028.8379    35.3047    396.145    1499.56 0.0000e+00
    400.000    10.7888   3.932201          1  1028.8468    35.3047    397.137    1499.49 0.0000e+00
    401.000    10.7657   3.929250          2  1028.8495    35.2968    398.129    1499.42 0.0000e+00
    402.000    10.7356   3.925616          1  1028.8535    35.2889    399.121    1499.32 0.0000e+00
    403.000    10.6940   3.921109          2  1028.8613    35.2832    400.113    1499.18 0.0000e+00
    404.000    10.6537   3.917746          2  1028.8768    35.2878    401.105    1499.06 0.0000e+00
    405.000    10.6387   3.916473          1  1028.8850    35.2890    402.096    1499.02 0.0000e+00
    406.000    10.6229   3.913008          1  1028.8768    35.2689    403.088    1498.96 0.0000e+00
    407.000    10.5949   3.910749          2  1028.8894    35.2727    404.080    1498.88 0.0000e+00
    408.000    10.5750   3.909463          1  1028.9021    35.2785    405.072    1498.83 0.0000e+00
    409.000    10.5558   3.907455          2  1028.9085    35.2763    406.064    1498.78 0.0000e+00
    410.000    10.5423   3.906714          2  1028.9194    35.2814    407.056    1498.75 0.0000e+00
    411.000    10.5365   3.906085          1  1028.9240    35.2802    408.048    1498.75 0.0000e+00
    412.000    10.5249   3.904184          2  1028.9241    35.2718    409.039    1498.71 0.0000e+00
    413.000    10.5075   3.901896          1  1028.9266    35.2651    410.031    1498.66 0.0000e+00
    414.000    10.4848   3.900065          2  1028.9375    35.2681    411.023    1498.60 0.0000e+00
    415.000    10.4735   3.899016          2  1028.9440    35.2679    412.015    1498.58 0.0000e+00
    416.000    10.4606   3.897383          1  1028.9474    35.2634    413.007    1498.54 0.0000e+00
    417.000    10.4465   3.895936          1  1028.9533    35.2620    413.998    1498.50 0.0000e+00
    418.000    10.4333   3.894832          1  1028.9611    35.2631    414.990    1498.48 0.0000e+00
    419.000    10.4197   3.893006          2  1028.9636    35.2574    415.982    1498.44 0.0000e+00
    420.000    10.4004   3.890711          2  1028.9677    35.2524    416.974    1498.38 0.0000e+00
    421.000    10.3671   3.887831          2  1028.9803    35.2550    417.966    1498.28 0.0000e+00
    422.000    10.3512   3.886413          2  1028.9882    35.2555    418.957    1498.24 0.0000e+00
    423.000    10.3444   3.886118          1  1028.9964    35.2587    419.949    1498.23 0.0000e+00
    424.000    10.3418   3.885389          1  1028.9972    35.2533    420.941    1498.23 0.0000e+00
    425.000    10.3301   3.881956          1  1028.9852    35.2294    421.933    1498.18 0.0000e+00
    426.000    10.3003   3.879133          1  1028.9949    35.2292    422.924    1498.09 0.0000e+00
    427.000    10.2736   3.876648          2  1029.0044    35.2294    423.916    1498.01 0.0000e+00
    428.000    10.2349   3.871692          2  1029.0056    35.2161    424.908    1497.87 0.0000e+00
    429.000    10.1890   3.868681          3  1029.0289    35.2295    425.900    1497.74 0.0000e+00
    430.000    10.1753   3.868231          1  1029.0423    35.2377    426.891    1497.72 0.0000e+00
    431.000    10.1753   3.868230          2  1029.0464    35.2373    427.883    1497.73 0.0000e+00
    432.000    10.1719   3.867290          1  1029.0463    35.2305    428.875    1497.73 0.0000e+00
    433.000    10.1635   3.866362          1  1029.0509    35.2288    429.867    1497.71 0.0000e+00
    434.000    10.1531   3.864689          1  1029.0515    35.2214    430.858    1497.68 0.0000e+00
    435.000    10.1349   3.862726          2  1029.0572    35.2186    431.850    1497.63 0.0000e+00
    436.000    10.1166   3.860198          1  1029.0584    35.2102    432.842    1497.57 0.0000e+00
    437.000    10.0903   3.857857          2  1029.0686    35.2114    433.834    1497.49 0.0000e+00
    438.000    10.0630   3.854675          2  1029.0730    35.2050    434.825    1497.40 0.0000e+00
    439.000    10.0384   3.853091          2  1029.0876    35.2122    435.817    1497.34 0.0000e+00
    440.000    10.0285   3.852362          1  1029.0952    35.2140    436.809    1497.32 0.0000e+00
    441.000    10.0236   3.851796          2  1029.0994    35.2125    437.800    1497.32 0.0000e+00
    442.000    10.0173   3.850644          1  1029.1003    35.2064    438.792    1497.31 0.0000e+00
    443.000    10.0082   3.849740          1  1029.1058    35.2055    439.784    1497.29 0.0000e+00
    444.000     9.9944   3.848327          2  1029.1116    35.2041    440.775    1497.25 0.0000e+00
    445.000     9.9836   3.847623          1  1029.1202    35.2069    441.767    1497.24 0.0000e+00
    446.000     9.9777   3.847096          2  1029.1257    35.2068    442.759    1497.23 0.0000e+00
    447.000     9.9711   3.846333          2  1029.1299    35.2050    443.750    1497.22 0.0000e+00
    448.000     9.9622   3.844517          1  1029.1279    35.1946    444.742    1497.19 0.0000e+00
    449.000     9.9414   3.841596          2  1029.1283    35.1845    445.734    1497.12 0.0000e+00
    450.000     9.9131   3.838223          1  1029.1321    35.1771    446.725    1497.03 0.0000e+00
    451.000     9.8792   3.833676          1  1029.1317    35.1630    447.717    1496.90 0.0000e+00
    452.000     9.8477   3.832636          2  1029.1570    35.1825    448.709    1496.83 0.0000e+00
    453.000     9.8331   3.831704          1  1029.1674    35.1867    449.700    1496.80 0.0000e+00
    454.000     9.8264   3.831106          2  1029.1730    35.1867    450.692    1496.79 0.0000e+00
    455.000     9.8186   3.830059          2  1029.1761    35.1831    451.684    1496.77 0.0000e+00
    456.000     9.7985   3.826942          2  1029.1741    35.1702    452.675    1496.70 0.0000e+00
    457.000     9.7685   3.824074          1  1029.1835    35.1695    453.667    1496.61 0.0000e+00
    458.000     9.7474   3.822886          1  1029.1978    35.1774    454.658    1496.56 0.0000e+00
    459.000     9.7392   3.821369          2  1029.1975    35.1694    455.650    1496.53 0.0000e+00
    460.000     9.7223   3.819864          1  1029.2054    35.1699    456.642    1496.49 0.0000e+00
    461.000     9.7088   3.817864          2  1029.2062    35.1620    457.633    1496.45 0.0000e+00
    462.000     9.6826   3.814483          1  1029.2078    35.1524    458.625    1496.36 0.0000e+00
    463.000     9.6546   3.812349          2  1029.2210    35.1572    459.616    1496.28 0.0000e+00
    464.000     9.6378   3.810761          1  1029.2282    35.1568    460.608    1496.23 0.0000e+00
    465.000     9.6185   3.808355          2  1029.2311    35.1504    461.600    1496.17 0.0000e+00
    466.000     9.5938   3.805286          1  1029.2337    35.1424    462.591    1496.09 0.0000e+00
    467.000     9.5677   3.803555          2  1029.2484    35.1496    463.583    1496.02 0.0000e+00
    468.000     9.5539   3.802274          2  1029.2551    35.1494    464.574    1495.98 0.0000e+00
    469.000     9.5389   3.800117          1  1029.2560    35.1413    465.566    1495.93 0.0000e+00
    470.000     9.5141   3.796608          1  1029.2551    35.1288    466.557    1495.85 0.0000e+00
    471.000     9.4894   3.795408          2  1029.2727    35.1401    467.549    1495.78 0.0000e+00
    472.000     9.4750   3.794166          2  1029.2804    35.1409    468.540    1495.75 0.0000e+00
    473.000     9.4621   3.793150          1  1029.2884    35.1425    469.532    1495.72 0.0000e+00
    474.000     9.4522   3.791449          1  1029.2881    35.1342    470.524    1495.69 0.0000e+00
    475.000     9.4341   3.789536          2  1029.2938    35.1316    471.515    1495.64 0.0000e+00
    476.000     9.4186   3.788130          1  1029.3011    35.1317    472.507    1495.60 0.0000e+00
    477.000     9.4005   3.785744          2  1029.3029    35.1243    473.498    1495.54 0.0000e+00
    478.000     9.3750   3.783763          2  1029.3150    35.1283    474.490    1495.47 0.0000e+00
    479.000     9.3604   3.783068          1  1029.3272    35.1349    475.481    1495.44 0.0000e+00
    480.000     9.3583   3.782468          2  1029.3284    35.1303    476.473    1495.44 0.0000e+00
