data/input/seabird/007_201605262145_CTD-SBtest_CON_BIN.cnv
* Sea-Bird SBE19plus Data File:
* FileName = X:\219-15-530_Gigante_Survey_Mexico\SVP\Seabird\006_201605262145_CTD-SB.hex
* Software Version 1.59
* Temperature SN =  4079
* Conductivity SN =  4079
* System UpLoad Time = May 26 2016 23:47:37
** Lat:  21;28;17.89274 N
** Lon: 94;55;34.84979 W
** WD: 3330m
# nquan = 5
# nvalues = 4583                        
# units = specified
# name 0 = prdM: Pressure, Strain Gauge [db]
# name 1 = tv290C: Temperature [ITS-90, deg C]
# name 2 = c0S/m: Conductivity [S/m]
# name 3 = nbin: number of scans per bin
# name 4 = flag: flag
# span 0 =      1.000,   2430.000       
# span 1 =     4.2715,    29.1241       
# span 2 =   3.345191,   5.880566       
# span 3 =          0,        109       
# span 4 = 0.0000e+00, 0.0000e+00       
# interval = decibars: 1                
# start_time = May 26 2016 21:49:20 [Instrument's time stamp, header]
# bad_flag = -9.990e-29
*END*
[from data line 1429]
   1430.000     4.3329   3.346054          2 0.0000e+00
   1431.000     4.3322   3.346023          2 0.0000e+00
   1432.000     4.3314   3.346009          2 0.0000e+00
   1433.000     4.3308   3.345976          2 0.0000e+00
   1434.000     4.3295   3.345917          3 0.0000e+00
   1435.000     4.3287   3.345908          2 0.0000e+00
   1436.000     4.3281   3.345899          2 0.0000e+00
   1437.000     4.3274   3.345849          2 0.0000e+00
   1438.000     4.3268   3.345886          2 0.0000e+00
   1439.000     4.3267   3.345923          3 0.0000e+00
   1440.000     4.3265   3.345925          3 0.0000e+00
   1441.000     4.3255   3.345867          2 0.0000e+00
   1442.000     4.3248   3.345812          1 0.0000e+00
   1443.000     4.3240   3.345824          1 0.0000e+00
   1444.000     4.3235   3.345818          2 0.0000e+00
   1445.000     4.3232   3.345884          2 0.0000e+00
   1446.000     4.3232   3.345910          4 0.0000e+00
   1447.000     4.3232   3.345974          3 0.0000e+00
   1448.000     4.3233   3.345973          1 0.0000e+00
   1449.000     4.3233   3.346037          2 0.0000e+00
   1450.000     4.3232   3.346082          2 0.0000e+00
   1451.000     4.3232   3.346108          2 0.0000e+00
   1452.000     4.3232   3.346141          2 0.0000e+00
   1453.000     4.3223   3.346085          2 0.0000e+00
   1454.000     4.3219   3.346138          3 0.0000e+00
   1455.000     4.3218   3.346182          2 0.0000e+00
   1456.000     4.3220   3.346236          2 0.0000e+00
   1457.000     4.3221   3.346294          1 0.0000e+00
   1458.000     4.3220   3.346285          2 0.0000e+00
   1459.000     4.3216   3.346330          2 0.0000e+00
   1460.000     4.3213   3.346305          3 0.0000e+00
   1461.000     4.3205   3.346312          2 0.0000e+00
   1462.000     4.3203   3.346324          2 0.0000e+00
   1463.000     4.3198   3.346329          2 0.0000e+00
   1464.000     4.3198   3.346370          2 0.0000e+00
   1465.000     4.3193   3.346361          2 0.0000e+00
   1466.000     4.3189   3.346368          1 0.0000e+00
   1467.000     4.3188   3.346399          3 0.0000e+00
   1468.000     4.3182   3.346392          3 0.0000e+00
   1469.000     4.3175   3.346419          2 0.0000e+00
   1470.000     4.3179   3.346462          2 0.0000e+00
   1471.000     4.3179   3.346535          1 0.0000e+00
   1472.000     4.3179   3.346554          2 0.0000e+00
   1473.000     4.3178   3.346588          3 0.0000e+00
   1474.000     4.3177   3.346619          1 0.0000e+00
   1475.000     4.3177   3.346645          3 0.0000e+00
   1476.000     4.3174   3.346647          3 0.0000e+00
   1477.000     4.3168   3.346646          2 0.0000e+00
   1478.000     4.3165   3.346694          1 0.0000e+00
   1479.000     4.3160   3.346641          2 0.0000e+00
   1480.000     4.3152   3.346628          2 0.0000e+00
   1481.000     4.3151   3.346672          2 0.0000e+00
   1482.000     4.3146   3.346667          2 0.0000e+00
   1483.000     4.3137   3.346614          3 0.0000e+00
   1484.000     4.3130   3.346654          2 0.0000e+00
   1485.000     4.3130   3.346656          2 0.0000e+00
   1486.000     4.3124   3.346636          2 0.0000e+00
   1487.000     4.3118   3.346652          2 0.0000e+00
   1488.000     4.3110   3.346607          2 0.0000e+00
   1489.000     4.3103   3.346615          2 0.0000e+00
   1490.000     4.3100   3.346622          2 0.0000e+00
   1491.000     4.3098   3.346648          3 0.0000e+00
   1492.000     4.3096   3.346680          2 0.0000e+00
   1493.000     4.3095   3.346702          2 0.0000e+00
   1494.000     4.3095   3.346749          2 0.0000e+00
   1495.000     4.3094   3.346780          2 0.0000e+00
   1496.000     4.3093   3.346811          2 0.0000e+00
   1497.000     4.3091   3.346830          2 0.0000e+00
   1498.000     4.3089   3.346871          2 0.0000e+00
   1499.000     4.3088   3.346891          2 0.0000e+00
   1500.000     4.3087   3.346914          2 0.0000e+00
   1501.000     4.3086   3.346977          2 0.0000e+00
   1502.000     4.3081   3.346930          2 0.0000e+00
   1503.000     4.3068   3.346868          5 0.0000e+00
   1504.000     4.3055   3.346799          3 0.0000e+00
   1505.000     4.3050   3.346814          3 0.0000e+00
   1506.000     4.3047   3.346827          5 0.0000e+00
   1507.000     4.3045   3.346882          4 0.0000e+00
   1508.000     4.3045   3.346919          3 0.0000e+00
   1509.000     4.3046   3.346964          4 0.0000e+00
   1510.000     4.3046   3.347004          5 0.0000e+00
   1511.000     4.3046   3.347052          4 0.0000e+00
   1512.000     4.3048   3.347117          4 0.0000e+00
   1513.000     4.3049   3.347164          6 0.0000e+00
   1514.000     4.3051   3.347220          3 0.0000e+00
   1515.000     4.3052   3.347285          1 0.0000e+00
   1516.000     4.3054   3.347318          1 0.0000e+00
   1517.000     4.3051   3.347330          2 0.0000e+00
   1518.000     4.3048   3.347321          3 0.0000e+00
   1519.000     4.3027   3.347144          3 0.0000e+00
   1520.000     4.3010   3.347109          3 0.0000e+00
   1521.000     4.3009   3.347146          2 0.0000e+00
   1522.000     4.3006   3.347151          1 0.0000e+00
   1523.000     4.3004   3.347194          2 0.0000e+00
   1524.000     4.3003   3.347220          2 0.0000e+00
   1525.000     4.3001   3.347242          4 0.0000e+00
   1526.000     4.2998   3.347272          3 0.0000e+00
   1527.000     4.2997   3.347292          2 0.0000e+00
   1528.000     4.2995   3.347315          2 0.0000e+00
   1529.000     4.2994   3.347335          2 0.0000e+00
   1530.000     4.2989   3.347327          1 0.0000e+00
   1531.000     4.2982   3.347340          3 0.0000e+00
   1532.000     4.2979   3.347352          3 0.0000e+00
   1533.000     4.2970   3.347296          3 0.0000e+00
   1534.000     4.2965   3.347302          2 0.0000e+00
   1535.000     4.2964   3.347354          2 0.0000e+00
   1536.000     4.2962   3.347384          1 0.0000e+00
   1537.000     4.2953   3.347276          2 0.0000e+00
   1538.000     4.2940   3.347267          4 0.0000e+00
   1539.000     4.2940   3.347330          3 0.0000e+00
   1540.000     4.2943   3.347400          1 0.0000e+00
   1541.000     4.2944   3.347436          2 0.0000e+00
   1542.000     4.2943   3.347461          2 0.0000e+00
   1543.000     4.2938   3.347433          2 0.0000e+00
   1544.000     4.2936   3.347498          3 0.0000e+00
   1545.000     4.2935   3.347529          3 0.0000e+00
   1546.000     4.2934   3.347541          2 0.0000e+00
   1547.000     4.2934   3.347603          2 0.0000e+00
   1548.000     4.2934   3.347637          1 0.0000e+00
   1549.000     4.2933   3.347685          2 0.0000e+00
   1550.000     4.2933   3.347710          4 0.0000e+00
   1551.000     4.2934   3.347777          2 0.0000e+00
   1552.000     4.2933   3.347796          3 0.0000e+00
   1553.000     4.2931   3.347828          1 0.0000e+00
   1554.000     4.2931   3.347870          2 0.0000e+00
   1555.000     4.2930   3.347913          2 0.0000e+00
   1556.000     4.2930   3.347926          3 0.0000e+00
   1557.000     4.2930   3.347988          3 0.0000e+00
   1558.000     4.2930   3.348013          2 0.0000e+00
   1559.000     4.2927   3.348048          2 0.0000e+00
   1560.000     4.2926   3.348057          2 0.0000e+00
   1561.000     4.2923   3.348095          2 0.0000e+00
   1562.000     4.2922   3.348138          3 0.0000e+00
   1563.000     4.2921   3.348186          2 0.0000e+00
   1564.000     4.2922   3.348205          2 0.0000e+00
   1565.000     4.2922   3.348238          3 0.0000e+00
   1566.000     4.2920   3.348257          2 0.0000e+00
   1567.000     4.2914   3.348231          2 0.0000e+00
   1568.000     4.2910   3.348281          2 0.0000e+00
   1569.000     4.2911   3.348302          2 0.0000e+00
   1570.000     4.2910   3.348355          3 0.0000e+00
   1571.000     4.2910   3.348397          3 0.0000e+00
   1572.000     4.2911   3.348454          2 0.0000e+00
   1573.000     4.2913   3.348482          2 0.0000e+00
   1574.000     4.2913   3.348551          2 0.0000e+00
   1575.000     4.2914   3.348577          2 0.0000e+00
   1576.000     4.2913   3.348645          2 0.0000e+00
   1577.000     4.2913   3.348669          4 0.0000e+00
   1578.000     4.2910   3.348707          2 0.0000e+00
   1579.000     4.2912   3.348744          2 0.0000e+00
   1580.000     4.2911   3.348771          2 0.0000e+00
   1581.000     4.2908   3.348778          1 0.0000e+00
   1582.000     4.2903   3.348794          3 0.0000e+00
   1583.000     4.2903   3.348834          4 0.0000e+00
   1584.000     4.2903   3.348875          2 0.0000e+00
   1585.000     4.2903   3.348894          1 0.0000e+00
   1586.000     4.2898   3.348916          2 0.0000e+00
   1587.000     4.2898   3.348970          3 0.0000e+00
   1588.000     4.2898   3.348981          2 0.0000e+00
   1589.000     4.2897   3.349023          3 0.0000e+00
   1590.000     4.2897   3.349075          2 0.0000e+00
   1591.000     4.2897   3.349118          2 0.0000e+00
   1592.000     4.2895   3.349145          2 0.0000e+00
   1593.000     4.2896   3.349187          2 0.0000e+00
   1594.000     4.2895   3.349223          3 0.0000e+00
   1595.000     4.2894   3.349254          3 0.0000e+00
   1596.000     4.2893   3.349296          1 0.0000e+00
   1597.000     4.2893   3.349295          2 0.0000e+00
   1598.000     4.2888   3.349286          2 0.0000e+00
   1599.000     4.2882   3.349316          2 0.0000e+00
   1600.000     4.2879   3.349341          3 0.0000e+00
   1601.000     4.2878   3.349378          3 0.0000e+00
   1602.000     4.2876   3.349374          2 0.0000e+00
   1603.000     4.2872   3.349352          1 0.0000e+00
   1604.000     4.2868   3.349415          3 0.0000e+00
   1605.000     4.2866   3.349440          2 0.0000e+00
   1606.000     4.2864   3.349460          2 0.0000e+00
   1607.000     4.2863   3.349508          2 0.0000e+00
   1608.000     4.2861   3.349508          2 0.0000e+00
   1609.000     4.2858   3.349523          4 0.0000e+00
   1610.000     4.2857   3.349565          2 0.0000e+00
   1611.000     4.2857   3.349629          1 0.0000e+00
   1612.000     4.2857   3.349640          2 0.0000e+00
   1613.000     4.2857   3.349689          1 0.0000e+00
   1614.000     4.2858   3.349743          2 0.0000e+00
   1615.000     4.2855   3.349779          2 0.0000e+00
   1616.000     4.2854   3.349779          3 0.0000e+00
   1617.000     4.2849   3.349791          2 0.0000e+00
   1618.000     4.2849   3.349822          2 0.0000e+00
   1619.000     4.2849   3.349865          2 0.0000e+00
   1620.000     4.2847   3.349907          1 0.0000e+00
   1621.000     4.2842   3.349869          2 0.0000e+00
   1622.000     4.2838   3.349913          2 0.0000e+00
   1623.000     4.2837   3.349941          2 0.0000e+00
   1624.000     4.2835   3.349966          4 0.0000e+00
   1625.000     4.2834   3.350017          2 0.0000e+00
   1626.000     4.2835   3.350034          1 0.0000e+00
   1627.000     4.2835   3.350103          2 0.0000e+00
   1628.000     4.2833   3.350127          1 0.0000e+00
   1629.000     4.2831   3.350125          2 0.0000e+00
   1630.000     4.2828   3.350143          2 0.0000e+00
   1631.000     4.2828   3.350181          2 0.0000e+00
   1632.000     4.2825   3.350207          3 0.0000e+00
   1633.000     4.2825   3.350218          2 0.0000e+00
   1634.000     4.2822   3.350248          1 0.0000e+00
   1635.000     4.2816   3.350241          2 0.0000e+00
   1636.000     4.2814   3.350287          2 0.0000e+00
   1637.000     4.2813   3.350305          2 0.0000e+00
   1638.000     4.2810   3.350298          2 0.0000e+00
   1639.000     4.2804   3.350346          3 0.0000e+00
   1640.000     4.2802   3.350335          1 0.0000e+00
   1641.000     4.2800   3.350379          2 0.0000e+00
   1642.000     4.2797   3.350375          2 0.0000e+00
   1643.000     4.2795   3.350412          1 0.0000e+00
   1644.000     4.2794   3.350445          2 0.0000e+00
   1645.000     4.2791   3.350444          3 0.0000e+00
   1646.000     4.2786   3.350461          2 0.0000e+00
   1647.000     4.2785   3.350498          2 0.0000e+00
   1648.000     4.2785   3.350530          2 0.0000e+00
   1649.000     4.2784   3.350559          1 0.0000e+00
   1650.000     4.2783   3.350626          2 0.0000e+00
   1651.000     4.2783   3.350634          2 0.0000e+00
   1652.000     4.2780   3.350680          2 0.0000e+00
   1653.000     4.2779   3.350698          3 0.0000e+00
   1654.000     4.2779   3.350727          2 0.0000e+00
   1655.000     4.2779   3.350783          1 0.0000e+00
   1656.000     4.2778   3.350804          2 0.0000e+00
   1657.000     4.2776   3.350808          1 0.0000e+00
   1658.000     4.2775   3.350849          2 0.0000e+00
   1659.000     4.2773   3.350893          3 0.0000e+00
   1660.000     4.2772   3.350934          2 0.0000e+00
   1661.000     4.2773   3.350971          2 0.0000e+00
   1662.000     4.2772   3.351002          2 0.0000e+00
   1663.000     4.2772   3.351056          2 0.0000e+00
   1664.000     4.2771   3.351081          1 0.0000e+00
   1665.000     4.2771   3.351143          2 0.0000e+00
   1666.000     4.2771   3.351174          2 0.0000e+00
   1667.000     4.2771   3.351205          3 0.0000e+00
   1668.000     4.2771   3.351232          2 0.0000e+00
   1669.000     4.2768   3.351250          2 0.0000e+00
   1670.000     4.2766   3.351279          1 0.0000e+00
   1671.000     4.2764   3.351284          1 0.0000e+00
   1672.000     4.2762   3.351320          3 0.0000e+00
   1673.000     4.2760   3.351362          3 0.0000e+00
   1674.000     4.2760   3.351411          2 0.0000e+00
   1675.000     4.2761   3.351444          1 0.0000e+00
   1676.000     4.2761   3.351476          2 0.0000e+00
   1677.000     4.2761   3.351572          1 0.0000e+00
   1678.000     4.2760   3.351563          3 0.0000e+00
   1679.000     4.2757   3.351562          2 0.0000e+00
   1680.000     4.2755   3.351596          3 0.0000e+00
   1681.000     4.2755   3.351636          2 0.0000e+00
   1682.000     4.2755   3.351680          2 0.0000e+00
   1683.000     4.2753   3.351718          1 0.0000e+00
   1684.000     4.2752   3.351754          2 0.0000e+00
   1685.000     4.2752   3.351793          2 0.0000e+00
   1686.000     4.2751   3.351819          1 0.0000e+00
   1687.000     4.2750   3.351852          3 0.0000e+00
   1688.000     4.2750   3.351890          4 0.0000e+00
   1689.000     4.2750   3.351955          1 0.0000e+00
   1690.000     4.2750   3.351981          2 0.0000e+00
   1691.000     4.2749   3.352023          1 0.0000e+00
   1692.000     4.2750   3.352046          1 0.0000e+00
   1693.000     4.2749   3.352102          3 0.0000e+00
   1694.000     4.2750   3.352124          3 0.0000e+00
   1695.000     4.2749   3.352169          2 0.0000e+00
   1696.000     4.2748   3.352217          2 0.0000e+00
   1697.000     4.2749   3.352242          2 0.0000e+00
   1698.000     4.2748   3.352283          2 0.0000e+00
   1699.000     4.2747   3.352328          2 0.0000e+00
   1700.000     4.2747   3.352378          1 0.0000e+00
   1701.000     4.2747   3.352411          3 0.0000e+00
   1702.000     4.2748   3.352450          2 0.0000e+00
   1703.000     4.2748   3.352509          2 0.0000e+00
   1704.000     4.2749   3.352557          2 0.0000e+00
   1705.000     4.2749   3.352592          3 0.0000e+00
   1706.000     4.2748   3.352608          2 0.0000e+00
   1707.000     4.2749   3.352703          1 0.0000e+00
   1708.000     4.2749   3.352734          2 0.0000e+00
   1709.000     4.2751   3.352772          1 0.0000e+00
   1710.000     4.2750   3.352810          3 0.0000e+00
   1711.000     4.2751   3.352844          3 0.0000e+00
   1712.000     4.2752   3.352919          2 0.0000e+00
   1713.000     4.2752   3.352944          2 0.0000e+00
   1714.000     4.2752   3.352999          2 0.0000e+00
