data/input/seabird/007_201605262145_CTD-SBtest_CON_BIN.cnv
* Sea-Bird SBE19plus Data File:
* FileName = X:\219-15-530_Gigante_Survey_Mexico\SVP\Seabird\006_201605262145_CTD-SB.hex
* Software Version 1.59
* Temperature SN =  4079
* Conductivity SN =  4079
* System UpLoad Time = May 26 2016 23:47:37
** Lat:  21;28;17.89274 N
** Lon: 94;55;34.84979 W
** WD: 3330m
# nquan = 5
# nvalues = 4583                        
# units = specified
# name 0 = prdM: Pressure, Strain Gauge [db]
# name 1 = tv290C: Temperature [ITS-90, deg C]
# name 2 = c0S/m: Conductivity [S/m]
# name 3 = nbin: number of scans per bin
# name 4 = flag: flag
# span 0 =      1.000,   2430.000       
# span 1 =     4.2715,    29.1241       
# span 2 =   3.345191,   5.880566       
# span 3 =          0,        109       
# span 4 = 0.0000e+00, 0.0000e+00       
# interval = decibars: 1                
# start_time = May 26 2016 21:49:20 [Instrument's time stamp, header]
# bad_flag = -9.990e-29
*END*
[from data line 3429]
   1430.000     4.3346   3.345951          3 0.0000e+00
   1429.000     4.3348   3.345939          2 0.0000e+00
   1428.000     4.3355   3.345984          1 0.0000e+00
   1427.000     4.3362   3.345959          2 0.0000e+00
   1426.000     4.3366   3.345991          2 0.0000e+00
   1425.000     4.3377   3.346036          2 0.0000e+00
   1424.000     4.3386   3.346070          1 0.0000e+00
   1423.000     4.3391   3.346035          2 0.0000e+00
   1422.000     4.3393   3.346028          3 0.0000e+00
   1421.000     4.3397   3.345981          3 0.0000e+00
   1420.000     4.3397   3.345973          2 0.0000e+00
   1419.000     4.3398   3.345942          2 0.0000e+00
   1418.000     4.3399   3.345888          1 0.0000e+00
   1417.000     4.3400   3.345886          1 0.0000e+00
   1416.000     4.3401   3.345833          2 0.0000e+00
   1415.000     4.3402   3.345790          3 0.0000e+00
   1414.000     4.3401   3.345737          4 0.0000e+00
   1413.000     4.3402   3.345687          1 0.0000e+00
   1412.000     4.3401   3.345683          2 0.0000e+00
   1411.000     4.3401   3.345612          2 0.0000e+00
   1410.000     4.3405   3.345621          1 0.0000e+00
   1409.000     4.3411   3.345649          2 0.0000e+00
   1408.000     4.3420   3.345708          2 0.0000e+00
   1407.000     4.3431   3.345722          3 0.0000e+00
   1406.000     4.3435   3.345725          3 0.0000e+00
   1405.000     4.3438   3.345659          1 0.0000e+00
   1404.000     4.3439   3.345649          2 0.0000e+00
   1403.000     4.3440   3.345575          1 0.0000e+00
   1402.000     4.3440   3.345578          2 0.0000e+00
   1401.000     4.3440   3.345525          2 0.0000e+00
   1400.000     4.3439   3.345467          3 0.0000e+00
   1399.000     4.3448   3.345559          3 0.0000e+00
   1398.000     4.3461   3.345575          1 0.0000e+00
   1397.000     4.3463   3.345570          2 0.0000e+00
   1396.000     4.3465   3.345506          1 0.0000e+00
   1395.000     4.3465   3.345506          2 0.0000e+00
   1394.000     4.3467   3.345457          2 0.0000e+00
   1393.000     4.3467   3.345428          3 0.0000e+00
   1392.000     4.3468   3.345379          2 0.0000e+00
   1391.000     4.3468   3.345305          2 0.0000e+00
   1390.000     4.3468   3.345288          2 0.0000e+00
   1389.000     4.3469   3.345258          1 0.0000e+00
   1388.000     4.3471   3.345222          2 0.0000e+00
   1387.000     4.3471   3.345191          2 0.0000e+00
   1386.000     4.3478   3.345224          4 0.0000e+00
   1385.000     4.3487   3.345292          2 0.0000e+00
   1384.000     4.3495   3.345295          1 0.0000e+00
   1383.000     4.3499   3.345281          2 0.0000e+00
   1382.000     4.3507   3.345348          2 0.0000e+00
   1381.000     4.3523   3.345420          3 0.0000e+00
   1380.000     4.3531   3.345424          2 0.0000e+00
   1379.000     4.3535   3.345402          2 0.0000e+00
   1378.000     4.3536   3.345357          1 0.0000e+00
   1377.000     4.3543   3.345447          2 0.0000e+00
   1376.000     4.3564   3.345582          2 0.0000e+00
   1375.000     4.3574   3.345594          3 0.0000e+00
   1374.000     4.3576   3.345539          2 0.0000e+00
   1373.000     4.3576   3.345466          2 0.0000e+00
   1372.000     4.3576   3.345444          2 0.0000e+00
   1371.000     4.3578   3.345450          2 0.0000e+00
   1370.000     4.3596   3.345659          2 0.0000e+00
   1369.000     4.3630   3.345837          2 0.0000e+00
   1368.000     4.3637   3.345855          2 0.0000e+00
   1367.000     4.3643   3.345851          1 0.0000e+00
   1366.000     4.3646   3.345801          2 0.0000e+00
   1365.000     4.3647   3.345762          3 0.0000e+00
   1364.000     4.3651   3.345753          3 0.0000e+00
   1363.000     4.3657   3.345815          2 0.0000e+00
   1362.000     4.3676   3.345973          2 0.0000e+00
   1361.000     4.3690   3.346045          1 0.0000e+00
   1360.000     4.3703   3.346075          2 0.0000e+00
   1359.000     4.3717   3.346135          3 0.0000e+00
   1358.000     4.3725   3.346136          2 0.0000e+00
   1357.000     4.3731   3.346170          2 0.0000e+00
   1356.000     4.3739   3.346179          1 0.0000e+00
   1355.000     4.3742   3.346142          3 0.0000e+00
   1354.000     4.3746   3.346139          2 0.0000e+00
   1353.000     4.3749   3.346124          1 0.0000e+00
   1352.000     4.3752   3.346126          2 0.0000e+00
   1351.000     4.3757   3.346139          1 0.0000e+00
   1350.000     4.3762   3.346123          4 0.0000e+00
   1349.000     4.3766   3.346100          3 0.0000e+00
   1348.000     4.3767   3.346087          1 0.0000e+00
   1347.000     4.3771   3.346072          2 0.0000e+00
   1346.000     4.3777   3.346073          1 0.0000e+00
   1345.000     4.3777   3.346038          2 0.0000e+00
   1344.000     4.3779   3.346021          2 0.0000e+00
   1343.000     4.3781   3.345966          2 0.0000e+00
   1342.000     4.3782   3.345971          2 0.0000e+00
   1341.000     4.3790   3.345987          2 0.0000e+00
   1340.000     4.3795   3.345968          2 0.0000e+00
   1339.000     4.3796   3.345922          2 0.0000e+00
   1338.000     4.3797   3.345888          2 0.0000e+00
   1337.000     4.3798   3.345884          2 0.0000e+00
   1336.000     4.3804   3.345928          2 0.0000e+00
   1335.000     4.3829   3.346146          3 0.0000e+00
   1334.000     4.3853   3.346240          2 0.0000e+00
   1333.000     4.3860   3.346260          2 0.0000e+00
   1332.000     4.3865   3.346292          1 0.0000e+00
   1331.000     4.3881   3.346410          2 0.0000e+00
   1330.000     4.3896   3.346460          2 0.0000e+00
   1329.000     4.3903   3.346406          4 0.0000e+00
   1328.000     4.3904   3.346390          2 0.0000e+00
   1327.000     4.3908   3.346386          1 0.0000e+00
   1326.000     4.3911   3.346369          2 0.0000e+00
   1325.000     4.3912   3.346325          1 0.0000e+00
   1324.000     4.3913   3.346307          2 0.0000e+00
   1323.000     4.3917   3.346264          2 0.0000e+00
   1322.000     4.3916   3.346227          3 0.0000e+00
   1321.000     4.3927   3.346335          3 0.0000e+00
   1320.000     4.3937   3.346346          2 0.0000e+00
   1319.000     4.3943   3.346380          1 0.0000e+00
   1318.000     4.3949   3.346377          2 0.0000e+00
   1317.000     4.3950   3.346302          2 0.0000e+00
   1316.000     4.3950   3.346258          2 0.0000e+00
   1315.000     4.3948   3.346213          3 0.0000e+00
   1314.000     4.3949   3.346195          2 0.0000e+00
   1313.000     4.3961   3.346349          2 0.0000e+00
   1312.000     4.3981   3.346456          2 0.0000e+00
   1311.000     4.3993   3.346464          1 0.0000e+00
   1310.000     4.3999   3.346457          2 0.0000e+00
   1309.000     4.4010   3.346535          3 0.0000e+00
   1308.000     4.4018   3.346548          2 0.0000e+00
   1307.000     4.4029   3.346553          6 0.0000e+00
   1306.000     4.4032   3.346548          2 0.0000e+00
   1305.000     4.4035   3.346539          3 0.0000e+00
   1304.000     4.4042   3.346570          5 0.0000e+00
   1303.000     4.4055   3.346627          5 0.0000e+00
   1302.000     4.4058   3.346618          3 0.0000e+00
   1301.000     4.4066   3.346657          3 0.0000e+00
   1300.000     4.4080   3.346720          8 0.0000e+00
   1299.000     4.4089   3.346766          2 0.0000e+00
   1298.000     4.4098   3.346854          2 0.0000e+00
   1297.000     4.4120   3.346942          5 0.0000e+00
   1296.000     4.4135   3.347020          5 0.0000e+00
   1295.000     4.4146   3.347085          2 0.0000e+00
   1294.000     4.4148   3.347084          1 0.0000e+00
   1293.000     4.4162   3.347249          2 0.0000e+00
   1292.000     4.4193   3.347414          2 0.0000e+00
   1291.000     4.4216   3.347537          2 0.0000e+00
   1290.000     4.4227   3.347520          2 0.0000e+00
   1289.000     4.4233   3.347590          2 0.0000e+00
   1288.000     4.4241   3.347621          3 0.0000e+00
   1287.000     4.4263   3.347753          2 0.0000e+00
   1286.000     4.4269   3.347754          2 0.0000e+00
   1285.000     4.4271   3.347713          1 0.0000e+00
   1284.000     4.4274   3.347719          2 0.0000e+00
   1283.000     4.4276   3.347639          2 0.0000e+00
   1282.000     4.4275   3.347589          2 0.0000e+00
   1281.000     4.4276   3.347564          2 0.0000e+00
   1280.000     4.4275   3.347549          3 0.0000e+00
   1279.000     4.4280   3.347526          2 0.0000e+00
   1278.000     4.4288   3.347597          2 0.0000e+00
   1277.000     4.4297   3.347624          2 0.0000e+00
   1276.000     4.4304   3.347615          1 0.0000e+00
   1275.000     4.4308   3.347667          2 0.0000e+00
   1274.000     4.4327   3.347800          2 0.0000e+00
   1273.000     4.4349   3.347888          3 0.0000e+00
   1272.000     4.4357   3.347947          2 0.0000e+00
   1271.000     4.4364   3.347947          2 0.0000e+00
   1270.000     4.4374   3.347961          2 0.0000e+00
   1269.000     4.4378   3.347943          1 0.0000e+00
   1268.000     4.4380   3.347945          3 0.0000e+00
   1267.000     4.4389   3.348006          2 0.0000e+00
   1266.000     4.4407   3.348149          2 0.0000e+00
   1265.000     4.4442   3.348472          2 0.0000e+00
   1264.000     4.4470   3.348637          2 0.0000e+00
   1263.000     4.4492   3.348675          1 0.0000e+00
   1262.000     4.4497   3.348649          3 0.0000e+00
   1261.000     4.4501   3.348681          3 0.0000e+00
   1260.000     4.4511   3.348710          2 0.0000e+00
   1259.000     4.4516   3.348701          1 0.0000e+00
   1258.000     4.4518   3.348648          2 0.0000e+00
   1257.000     4.4524   3.348752          2 0.0000e+00
   1256.000     4.4550   3.348962          2 0.0000e+00
   1255.000     4.4578   3.349110          2 0.0000e+00
   1254.000     4.4590   3.349139          2 0.0000e+00
   1253.000     4.4603   3.349249          2 0.0000e+00
   1252.000     4.4620   3.349357          2 0.0000e+00
   1251.000     4.4642   3.349476          2 0.0000e+00
   1250.000     4.4665   3.349681          3 0.0000e+00
   1249.000     4.4687   3.349793          1 0.0000e+00
   1248.000     4.4701   3.349895          2 0.0000e+00
   1247.000     4.4721   3.350036          2 0.0000e+00
   1246.000     4.4741   3.350112          2 0.0000e+00
   1245.000     4.4760   3.350256          3 0.0000e+00
   1244.000     4.4781   3.350384          2 0.0000e+00
   1243.000     4.4793   3.350430          2 0.0000e+00
   1242.000     4.4803   3.350421          3 0.0000e+00
   1241.000     4.4804   3.350390          2 0.0000e+00
   1240.000     4.4806   3.350384          1 0.0000e+00
   1239.000     4.4813   3.350410          2 0.0000e+00
   1238.000     4.4819   3.350415          2 0.0000e+00
   1237.000     4.4825   3.350418          4 0.0000e+00
   1236.000     4.4830   3.350425          2 0.0000e+00
   1235.000     4.4840   3.350549          2 0.0000e+00
   1234.000     4.4858   3.350742          1 0.0000e+00
   1233.000     4.4881   3.350834          2 0.0000e+00
   1232.000     4.4904   3.350973          1 0.0000e+00
   1231.000     4.4924   3.351026          4 0.0000e+00
   1230.000     4.4933   3.351076          2 0.0000e+00
   1229.000     4.4941   3.351080          2 0.0000e+00
   1228.000     4.4949   3.351127          3 0.0000e+00
   1227.000     4.4962   3.351227          1 0.0000e+00
   1226.000     4.4975   3.351265          2 0.0000e+00
   1225.000     4.4983   3.351310          2 0.0000e+00
   1224.000     4.5004   3.351499          2 0.0000e+00
   1223.000     4.5039   3.351772          2 0.0000e+00
   1222.000     4.5066   3.351898          3 0.0000e+00
   1221.000     4.5086   3.352027          2 0.0000e+00
   1220.000     4.5105   3.352206          2 0.0000e+00
   1219.000     4.5122   3.352249          2 0.0000e+00
   1218.000     4.5129   3.352233          2 0.0000e+00
   1217.000     4.5136   3.352234          2 0.0000e+00
   1216.000     4.5142   3.352256          2 0.0000e+00
   1215.000     4.5147   3.352232          3 0.0000e+00
   1214.000     4.5155   3.352311          3 0.0000e+00
   1213.000     4.5168   3.352387          2 0.0000e+00
   1212.000     4.5177   3.352409          1 0.0000e+00
   1211.000     4.5187   3.352477          2 0.0000e+00
   1210.000     4.5202   3.352580          1 0.0000e+00
   1209.000     4.5228   3.352743          4 0.0000e+00
   1208.000     4.5247   3.352833          2 0.0000e+00
   1207.000     4.5255   3.352874          2 0.0000e+00
   1206.000     4.5267   3.352909          2 0.0000e+00
   1205.000     4.5274   3.352918          2 0.0000e+00
   1204.000     4.5279   3.352910          2 0.0000e+00
   1203.000     4.5282   3.352877          2 0.0000e+00
   1202.000     4.5285   3.352885          3 0.0000e+00
   1201.000     4.5288   3.352880          2 0.0000e+00
   1200.000     4.5300   3.352971          2 0.0000e+00
   1199.000     4.5314   3.353035          1 0.0000e+00
   1198.000     4.5325   3.353086          2 0.0000e+00
   1197.000     4.5370   3.353537          4 0.0000e+00
   1196.000     4.5412   3.353775          3 0.0000e+00
   1195.000     4.5433   3.353980          1 0.0000e+00
   1194.000     4.5462   3.354160          2 0.0000e+00
   1193.000     4.5481   3.354257          2 0.0000e+00
   1192.000     4.5501   3.354433          2 0.0000e+00
   1191.000     4.5529   3.354570          3 0.0000e+00
   1190.000     4.5553   3.354730          3 0.0000e+00
   1189.000     4.5581   3.355024          2 0.0000e+00
   1188.000     4.5616   3.355388          1 0.0000e+00
   1187.000     4.5661   3.355649          2 0.0000e+00
   1186.000     4.5688   3.355719          3 0.0000e+00
   1185.000     4.5702   3.355814          2 0.0000e+00
   1184.000     4.5719   3.355910          2 0.0000e+00
   1183.000     4.5741   3.356108          2 0.0000e+00
   1182.000     4.5773   3.356322          3 0.0000e+00
   1181.000     4.5797   3.356463          2 0.0000e+00
   1180.000     4.5817   3.356622          2 0.0000e+00
   1179.000     4.5843   3.356814          2 0.0000e+00
   1178.000     4.5866   3.356937          2 0.0000e+00
   1177.000     4.5890   3.357126          2 0.0000e+00
   1176.000     4.5910   3.357288          2 0.0000e+00
   1175.000     4.5957   3.357680          3 0.0000e+00
   1174.000     4.5988   3.357800          2 0.0000e+00
   1173.000     4.6008   3.358011          2 0.0000e+00
   1172.000     4.6027   3.358074          2 0.0000e+00
   1171.000     4.6044   3.358296          2 0.0000e+00
   1170.000     4.6092   3.358819          2 0.0000e+00
   1169.000     4.6197   3.359646          3 0.0000e+00
   1168.000     4.6250   3.359834          2 0.0000e+00
   1167.000     4.6257   3.359803          2 0.0000e+00
   1166.000     4.6268   3.359921          3 0.0000e+00
   1165.000     4.6288   3.360062          2 0.0000e+00
   1164.000     4.6314   3.360243          2 0.0000e+00
   1163.000     4.6335   3.360420          1 0.0000e+00
   1162.000     4.6357   3.360562          2 0.0000e+00
   1161.000     4.6379   3.360609          4 0.0000e+00
   1160.000     4.6384   3.360609          2 0.0000e+00
   1159.000     4.6387   3.360568          1 0.0000e+00
   1158.000     4.6389   3.360580          2 0.0000e+00
   1157.000     4.6399   3.360707          2 0.0000e+00
   1156.000     4.6445   3.361131          3 0.0000e+00
   1155.000     4.6492   3.361381          2 0.0000e+00
   1154.000     4.6502   3.361379          2 0.0000e+00
   1153.000     4.6504   3.361345          2 0.0000e+00
   1152.000     4.6513   3.361476          2 0.0000e+00
   1151.000     4.6532   3.361651          1 0.0000e+00
   1150.000     4.6574   3.361950          3 0.0000e+00
   1149.000     4.6606   3.362062          4 0.0000e+00
   1148.000     4.6608   3.362040          2 0.0000e+00
   1147.000     4.6612   3.362127          1 0.0000e+00
   1146.000     4.6658   3.362810          2 0.0000e+00
