data/input/seabird/007_201605262145_CTD-SB_CON_BIN_DER.cnv
* Sea-Bird SBE19plus Data File:
* FileName = X:\219-15-530_Gigante_Survey_Mexico\SVP\Seabird\006_201605262145_CTD-SB.hex
* Software Version 1.59
* Temperature SN =  4079
* Conductivity SN =  4079
* System UpLoad Time = May 26 2016 23:47:37
** Lat:  21;28;17.89274 N
** Lon: 94;55;34.84979 W
** WD: 3330m
# nquan = 9                                 
# nvalues = 4583                        
# units = specified
# name 0 = prdM: Pressure, Strain Gauge [db]
# name 1 = tv290C: Temperature [ITS-90, deg C]
# name 2 = c0S/m: Conductivity [S/m]
# name 3 = nbin: number of scans per bin
# name 4 = density00: Density [density, kg/m^3]
# name 5 = sal00: Salinity, Practical [PSU]
# name 6 = depSM: Depth [salt water, m], lat = 21.47
# name 7 = svDM: Sound Velocity [Delgrosso, m/s]
# name 8 = flag: flag
# span 0 =      1.000,   2430.000       
# span 1 =     4.2715,    29.1241       
# span 2 =   3.345191,   5.880566       
# span 3 =          0,        109       
# span 4 =  1022.3978,  1038.7485       
# span 5 =    34.9098,    36.5436       
# span 6 =      0.994,   2401.037       
# span 7 =    1487.37,    1544.32       
# span 8 = 0.0000e+00, 0.0000e+00       
# interval = decibars: 1                
# start_time = May 26 2016 21:49:20 [Instrument's time stamp, header]
# bad_flag = -9.990e-29
*END*
[from data line 1601]
   1602.000     4.2876   3.349374          2  1035.0591    34.9761   1585.981    1493.85 0.0000e+00
   1603.000     4.2872   3.349352          1  1035.0634    34.9758   1586.967    1493.87 0.0000e+00
   1604.000     4.2868   3.349415          3  1035.0685    34.9765   1587.953    1493.88 0.0000e+00
   1605.000     4.2866   3.349440          2  1035.0731    34.9765   1588.940    1493.90 0.0000e+00
   1606.000     4.2864   3.349460          2  1035.0776    34.9764   1589.926    1493.92 0.0000e+00
   1607.000     4.2863   3.349508          2  1035.0822    34.9766   1590.912    1493.93 0.0000e+00
   1608.000     4.2861   3.349508          2  1035.0865    34.9763   1591.898    1493.95 0.0000e+00
   1609.000     4.2858   3.349523          4  1035.0911    34.9763   1592.885    1493.96 0.0000e+00
   1610.000     4.2857   3.349565          2  1035.0956    34.9765   1593.871    1493.98 0.0000e+00
   1611.000     4.2857   3.349629          1  1035.1003    34.9767   1594.857    1494.00 0.0000e+00
   1612.000     4.2857   3.349640          2  1035.1046    34.9764   1595.843    1494.01 0.0000e+00
   1613.000     4.2857   3.349689          1  1035.1091    34.9765   1596.829    1494.03 0.0000e+00
   1614.000     4.2858   3.349743          2  1035.1136    34.9765   1597.816    1494.05 0.0000e+00
   1615.000     4.2855   3.349779          2  1035.1184    34.9767   1598.802    1494.06 0.0000e+00
   1616.000     4.2854   3.349779          3  1035.1226    34.9764   1599.788    1494.08 0.0000e+00
   1617.000     4.2849   3.349791          2  1035.1273    34.9766   1600.774    1494.09 0.0000e+00
   1618.000     4.2849   3.349822          2  1035.1317    34.9764   1601.760    1494.11 0.0000e+00
   1619.000     4.2849   3.349865          2  1035.1362    34.9765   1602.747    1494.13 0.0000e+00
   1620.000     4.2847   3.349907          1  1035.1409    34.9767   1603.733    1494.14 0.0000e+00
   1621.000     4.2842   3.349869          2  1035.1451    34.9763   1604.719    1494.16 0.0000e+00
   1622.000     4.2838   3.349913          2  1035.1500    34.9767   1605.705    1494.17 0.0000e+00
   1623.000     4.2837   3.349941          2  1035.1545    34.9767   1606.691    1494.19 0.0000e+00
   1624.000     4.2835   3.349966          4  1035.1590    34.9767   1607.677    1494.20 0.0000e+00
   1625.000     4.2834   3.350017          2  1035.1637    34.9769   1608.664    1494.22 0.0000e+00
   1626.000     4.2835   3.350034          1  1035.1679    34.9765   1609.650    1494.24 0.0000e+00
   1627.000     4.2835   3.350103          2  1035.1726    34.9768   1610.636    1494.25 0.0000e+00
   1628.000     4.2833   3.350127          1  1035.1772    34.9768   1611.622    1494.27 0.0000e+00
   1629.000     4.2831   3.350125          2  1035.1814    34.9765   1612.608    1494.28 0.0000e+00
   1630.000     4.2828   3.350143          2  1035.1860    34.9766   1613.594    1494.30 0.0000e+00
   1631.000     4.2828   3.350181          2  1035.1905    34.9766   1614.580    1494.32 0.0000e+00
   1632.000     4.2825   3.350207          3  1035.1951    34.9767   1615.566    1494.33 0.0000e+00
   1633.000     4.2825   3.350218          2  1035.1993    34.9763   1616.553    1494.35 0.0000e+00
   1634.000     4.2822   3.350248          1  1035.2040    34.9765   1617.539    1494.36 0.0000e+00
   1635.000     4.2816   3.350241          2  1035.2086    34.9766   1618.525    1494.38 0.0000e+00
   1636.000     4.2814   3.350287          2  1035.2134    34.9768   1619.511    1494.39 0.0000e+00
   1637.000     4.2813   3.350305          2  1035.2177    34.9767   1620.497    1494.41 0.0000e+00
   1638.000     4.2810   3.350298          2  1035.2221    34.9764   1621.483    1494.42 0.0000e+00
   1639.000     4.2804   3.350346          3  1035.2272    34.9771   1622.469    1494.44 0.0000e+00
   1640.000     4.2802   3.350335          1  1035.2314    34.9767   1623.455    1494.45 0.0000e+00
   1641.000     4.2800   3.350379          2  1035.2361    34.9770   1624.441    1494.47 0.0000e+00
   1642.000     4.2797   3.350375          2  1035.2405    34.9768   1625.427    1494.49 0.0000e+00
   1643.000     4.2795   3.350412          1  1035.2451    34.9769   1626.413    1494.50 0.0000e+00
   1644.000     4.2794   3.350445          2  1035.2496    34.9769   1627.400    1494.52 0.0000e+00
   1645.000     4.2791   3.350444          3  1035.2540    34.9767   1628.386    1494.53 0.0000e+00
   1646.000     4.2786   3.350461          2  1035.2588    34.9770   1629.372    1494.55 0.0000e+00
   1647.000     4.2785   3.350498          2  1035.2633    34.9770   1630.358    1494.56 0.0000e+00
   1648.000     4.2785   3.350530          2  1035.2677    34.9769   1631.344    1494.58 0.0000e+00
   1649.000     4.2784   3.350559          1  1035.2722    34.9769   1632.330    1494.60 0.0000e+00
   1650.000     4.2783   3.350626          2  1035.2770    34.9773   1633.316    1494.61 0.0000e+00
   1651.000     4.2783   3.350634          2  1035.2812    34.9769   1634.302    1494.63 0.0000e+00
   1652.000     4.2780   3.350680          2  1035.2860    34.9773   1635.288    1494.64 0.0000e+00
   1653.000     4.2779   3.350698          3  1035.2904    34.9771   1636.274    1494.66 0.0000e+00
   1654.000     4.2779   3.350727          2  1035.2948    34.9770   1637.260    1494.68 0.0000e+00
   1655.000     4.2779   3.350783          1  1035.2994    34.9771   1638.246    1494.69 0.0000e+00
   1656.000     4.2778   3.350804          2  1035.3038    34.9770   1639.232    1494.71 0.0000e+00
   1657.000     4.2776   3.350808          1  1035.3082    34.9768   1640.218    1494.73 0.0000e+00
   1658.000     4.2775   3.350849          2  1035.3127    34.9769   1641.204    1494.74 0.0000e+00
   1659.000     4.2773   3.350893          3  1035.3175    34.9771   1642.190    1494.76 0.0000e+00
   1660.000     4.2772   3.350934          2  1035.3220    34.9772   1643.176    1494.77 0.0000e+00
   1661.000     4.2773   3.350971          2  1035.3264    34.9771   1644.162    1494.79 0.0000e+00
   1662.000     4.2772   3.351002          2  1035.3309    34.9771   1645.148    1494.81 0.0000e+00
   1663.000     4.2772   3.351056          2  1035.3355    34.9772   1646.134    1494.82 0.0000e+00
   1664.000     4.2771   3.351081          1  1035.3399    34.9771   1647.120    1494.84 0.0000e+00
   1665.000     4.2771   3.351143          2  1035.3446    34.9774   1648.106    1494.86 0.0000e+00
   1666.000     4.2771   3.351174          2  1035.3490    34.9773   1649.092    1494.87 0.0000e+00
   1667.000     4.2771   3.351205          3  1035.3534    34.9771   1650.078    1494.89 0.0000e+00
   1668.000     4.2771   3.351232          2  1035.3577    34.9770   1651.064    1494.91 0.0000e+00
   1669.000     4.2768   3.351250          2  1035.3623    34.9770   1652.050    1494.92 0.0000e+00
   1670.000     4.2766   3.351279          1  1035.3669    34.9771   1653.036    1494.94 0.0000e+00
   1671.000     4.2764   3.351284          1  1035.3712    34.9769   1654.022    1494.95 0.0000e+00
   1672.000     4.2762   3.351320          3  1035.3759    34.9770   1655.008    1494.97 0.0000e+00
   1673.000     4.2760   3.351362          3  1035.3806    34.9772   1655.993    1494.98 0.0000e+00
   1674.000     4.2760   3.351411          2  1035.3851    34.9773   1656.979    1495.00 0.0000e+00
   1675.000     4.2761   3.351444          1  1035.3894    34.9771   1657.965    1495.02 0.0000e+00
   1676.000     4.2761   3.351476          2  1035.3938    34.9770   1658.951    1495.03 0.0000e+00
   1677.000     4.2761   3.351572          1  1035.3988    34.9777   1659.937    1495.05 0.0000e+00
   1678.000     4.2760   3.351563          3  1035.4029    34.9772   1660.923    1495.07 0.0000e+00
   1679.000     4.2757   3.351562          2  1035.4073    34.9770   1661.909    1495.08 0.0000e+00
   1680.000     4.2755   3.351596          3  1035.4119    34.9771   1662.895    1495.10 0.0000e+00
   1681.000     4.2755   3.351636          2  1035.4164    34.9771   1663.881    1495.11 0.0000e+00
   1682.000     4.2755   3.351680          2  1035.4209    34.9771   1664.867    1495.13 0.0000e+00
   1683.000     4.2753   3.351718          1  1035.4256    34.9773   1665.853    1495.15 0.0000e+00
   1684.000     4.2752   3.351754          2  1035.4301    34.9774   1666.838    1495.16 0.0000e+00
   1685.000     4.2752   3.351793          2  1035.4346    34.9773   1667.824    1495.18 0.0000e+00
   1686.000     4.2751   3.351819          1  1035.4390    34.9773   1668.810    1495.20 0.0000e+00
   1687.000     4.2750   3.351852          3  1035.4435    34.9773   1669.796    1495.21 0.0000e+00
   1688.000     4.2750   3.351890          4  1035.4480    34.9772   1670.782    1495.23 0.0000e+00
   1689.000     4.2750   3.351955          1  1035.4527    34.9775   1671.768    1495.25 0.0000e+00
   1690.000     4.2750   3.351981          2  1035.4570    34.9773   1672.754    1495.26 0.0000e+00
   1691.000     4.2749   3.352023          1  1035.4616    34.9775   1673.739    1495.28 0.0000e+00
   1692.000     4.2750   3.352046          1  1035.4659    34.9771   1674.725    1495.30 0.0000e+00
   1693.000     4.2749   3.352102          3  1035.4706    34.9774   1675.711    1495.31 0.0000e+00
   1694.000     4.2750   3.352124          3  1035.4748    34.9771   1676.697    1495.33 0.0000e+00
   1695.000     4.2749   3.352169          2  1035.4794    34.9772   1677.683    1495.34 0.0000e+00
   1696.000     4.2748   3.352217          2  1035.4841    34.9774   1678.669    1495.36 0.0000e+00
   1697.000     4.2749   3.352242          2  1035.4883    34.9771   1679.654    1495.38 0.0000e+00
   1698.000     4.2748   3.352283          2  1035.4929    34.9772   1680.640    1495.39 0.0000e+00
   1699.000     4.2747   3.352328          2  1035.4975    34.9774   1681.626    1495.41 0.0000e+00
   1700.000     4.2747   3.352378          1  1035.5021    34.9775   1682.612    1495.43 0.0000e+00
   1701.000     4.2747   3.352411          3  1035.5065    34.9774   1683.598    1495.44 0.0000e+00
   1702.000     4.2748   3.352450          2  1035.5108    34.9773   1684.584    1495.46 0.0000e+00
   1703.000     4.2748   3.352509          2  1035.5155    34.9775   1685.569    1495.48 0.0000e+00
   1704.000     4.2749   3.352557          2  1035.5199    34.9774   1686.555    1495.49 0.0000e+00
   1705.000     4.2749   3.352592          3  1035.5244    34.9774   1687.541    1495.51 0.0000e+00
   1706.000     4.2748   3.352608          2  1035.5287    34.9772   1688.527    1495.53 0.0000e+00
   1707.000     4.2749   3.352703          1  1035.5336    34.9777   1689.512    1495.54 0.0000e+00
   1708.000     4.2749   3.352734          2  1035.5380    34.9776   1690.498    1495.56 0.0000e+00
   1709.000     4.2751   3.352772          1  1035.5422    34.9773   1691.484    1495.58 0.0000e+00
   1710.000     4.2750   3.352810          3  1035.5468    34.9774   1692.470    1495.59 0.0000e+00
   1711.000     4.2751   3.352844          3  1035.5511    34.9772   1693.455    1495.61 0.0000e+00
   1712.000     4.2752   3.352919          2  1035.5558    34.9775   1694.441    1495.63 0.0000e+00
   1713.000     4.2752   3.352944          2  1035.5602    34.9773   1695.427    1495.64 0.0000e+00
   1714.000     4.2752   3.352999          2  1035.5648    34.9775   1696.413    1495.66 0.0000e+00
   1715.000     4.2753   3.353025          1  1035.5690    34.9772   1697.398    1495.68 0.0000e+00
   1716.000     4.2754   3.353098          2  1035.5737    34.9775   1698.384    1495.70 0.0000e+00
   1717.000     4.2753   3.353133          2  1035.5782    34.9775   1699.370    1495.71 0.0000e+00
   1718.000     4.2754   3.353171          3  1035.5826    34.9774   1700.356    1495.73 0.0000e+00
   1719.000     4.2752   3.353204          3  1035.5872    34.9775   1701.341    1495.74 0.0000e+00
   1720.000     4.2751   3.353235          1  1035.5917    34.9775   1702.327    1495.76 0.0000e+00
   1721.000     4.2750   3.353258          2  1035.5961    34.9774   1703.313    1495.78 0.0000e+00
   1722.000     4.2750   3.353301          2  1035.6006    34.9774   1704.299    1495.79 0.0000e+00
   1723.000     4.2750   3.353348          2  1035.6051    34.9775   1705.284    1495.81 0.0000e+00
   1724.000     4.2751   3.353409          2  1035.6097    34.9776   1706.270    1495.83 0.0000e+00
   1725.000     4.2752   3.353465          1  1035.6142    34.9777   1707.256    1495.84 0.0000e+00
   1726.000     4.2753   3.353509          3  1035.6186    34.9776   1708.241    1495.86 0.0000e+00
   1727.000     4.2752   3.353514          3  1035.6229    34.9773   1709.227    1495.88 0.0000e+00
   1728.000     4.2752   3.353603          2  1035.6278    34.9778   1710.213    1495.89 0.0000e+00
   1729.000     4.2754   3.353678          1  1035.6324    34.9780   1711.198    1495.91 0.0000e+00
   1730.000     4.2751   3.353637          2  1035.6364    34.9774   1712.184    1495.93 0.0000e+00
   1731.000     4.2750   3.353686          2  1035.6411    34.9776   1713.170    1495.94 0.0000e+00
   1732.000     4.2750   3.353735          3  1035.6456    34.9777   1714.155    1495.96 0.0000e+00
   1733.000     4.2751   3.353794          2  1035.6502    34.9778   1715.141    1495.98 0.0000e+00
   1734.000     4.2752   3.353841          2  1035.6546    34.9777   1716.127    1495.99 0.0000e+00
   1735.000     4.2753   3.353872          2  1035.6589    34.9775   1717.112    1496.01 0.0000e+00
   1736.000     4.2753   3.353921          2  1035.6635    34.9776   1718.098    1496.03 0.0000e+00
   1737.000     4.2755   3.353982          2  1035.6679    34.9776   1719.084    1496.04 0.0000e+00
   1738.000     4.2752   3.353976          2  1035.6723    34.9774   1720.069    1496.06 0.0000e+00
   1739.000     4.2752   3.354032          2  1035.6769    34.9776   1721.055    1496.08 0.0000e+00
   1740.000     4.2751   3.354055          2  1035.6813    34.9775   1722.040    1496.09 0.0000e+00
   1741.000     4.2752   3.354109          2  1035.6858    34.9775   1723.026    1496.11 0.0000e+00
   1742.000     4.2752   3.354145          2  1035.6902    34.9775   1724.012    1496.13 0.0000e+00
   1743.000     4.2753   3.354213          2  1035.6949    34.9777   1724.997    1496.14 0.0000e+00
   1744.000     4.2754   3.354262          3  1035.6993    34.9777   1725.983    1496.16 0.0000e+00
   1745.000     4.2754   3.354303          2  1035.7038    34.9777   1726.969    1496.18 0.0000e+00
   1746.000     4.2755   3.354359          2  1035.7083    34.9777   1727.954    1496.19 0.0000e+00
   1747.000     4.2757   3.354410          1  1035.7127    34.9776   1728.940    1496.21 0.0000e+00
   1748.000     4.2757   3.354468          2  1035.7173    34.9778   1729.925    1496.23 0.0000e+00
   1749.000     4.2758   3.354501          2  1035.7216    34.9776   1730.911    1496.25 0.0000e+00
   1750.000     4.2759   3.354531          2  1035.7259    34.9774   1731.896    1496.26 0.0000e+00
   1751.000     4.2758   3.354584          2  1035.7306    34.9777   1732.882    1496.28 0.0000e+00
   1752.000     4.2756   3.354596          4  1035.7350    34.9775   1733.868    1496.29 0.0000e+00
   1753.000     4.2754   3.354630          1  1035.7396    34.9777   1734.853    1496.31 0.0000e+00
   1754.000     4.2752   3.354625          2  1035.7439    34.9773   1735.839    1496.33 0.0000e+00
   1755.000     4.2751   3.354667          1  1035.7485    34.9774   1736.824    1496.34 0.0000e+00
   1756.000     4.2750   3.354712          2  1035.7531    34.9776   1737.810    1496.36 0.0000e+00
   1757.000     4.2747   3.354719          2  1035.7575    34.9775   1738.795    1496.37 0.0000e+00
   1758.000     4.2743   3.354732          4  1035.7622    34.9776   1739.781    1496.39 0.0000e+00
   1759.000     4.2743   3.354783          2  1035.7667    34.9777   1740.766    1496.41 0.0000e+00
   1760.000     4.2743   3.354793          1  1035.7709    34.9774   1741.752    1496.42 0.0000e+00
