data/input/seabird/007_201605262145_CTD-SBtest_CON_BIN.cnv
* Sea-Bird SBE19plus Data File:
* FileName = X:\219-15-530_Gigante_Survey_Mexico\SVP\Seabird\006_201605262145_CTD-SB.hex
* Software Version 1.59
* Temperature SN =  4079
* Conductivity SN =  4079
* System UpLoad Time = May 26 2016 23:47:37
** Lat:  21;28;17.89274 N
** Lon: 94;55;34.84979 W
** WD: 3330m
# nquan = 5
# nvalues = 4583                        
# units = specified
# name 0 = prdM: Pressure, Strain Gauge [db]
# name 1 = tv290C: Temperature [ITS-90, deg C]
# name 2 = c0S/m: Conductivity [S/m]
# name 3 = nbin: number of scans per bin
# name 4 = flag: flag
# span 0 =      1.000,   2430.000       
# span 1 =     4.2715,    29.1241       
# span 2 =   3.345191,   5.880566       
# span 3 =          0,        109       
# span 4 = 0.0000e+00, 0.0000e+00       
# interval = decibars: 1                
# start_time = May 26 2016 21:49:20 [Instrument's time stamp, header]
# bad_flag = -9.990e-29
*END*
[from data line 4286]
    573.000     8.2385   3.671655          1 0.0000e+00
    572.000     8.2508   3.673484          2 0.0000e+00
    571.000     8.2772   3.676243          2 0.0000e+00
    570.000     8.2970   3.677495          2 0.0000e+00
    569.000     8.3089   3.678624          2 0.0000e+00
    568.000     8.3194   3.679465          2 0.0000e+00
    567.000     8.3273   3.680591          2 0.0000e+00
    566.000     8.3421   3.682726          1 0.0000e+00
    565.000     8.3642   3.684630          2 0.0000e+00
    564.000     8.3811   3.686058          2 0.0000e+00
    563.000     8.3948   3.687338          2 0.0000e+00
    562.000     8.4073   3.688652          1 0.0000e+00
    561.000     8.4190   3.689486          2 0.0000e+00
    560.000     8.4257   3.689786          2 0.0000e+00
    559.000     8.4323   3.690625          3 0.0000e+00
    558.000     8.4393   3.691373          1 0.0000e+00
    557.000     8.4469   3.692055          2 0.0000e+00
    556.000     8.4522   3.692405          1 0.0000e+00
    555.000     8.4581   3.693704          2 0.0000e+00
    554.000     8.4780   3.695854          2 0.0000e+00
    553.000     8.4935   3.696830          2 0.0000e+00
    552.000     8.5055   3.698054          2 0.0000e+00
    551.000     8.5156   3.699007          2 0.0000e+00
    550.000     8.5278   3.700476          2 0.0000e+00
    549.000     8.5423   3.702362          1 0.0000e+00
    548.000     8.5624   3.704238          2 0.0000e+00
    547.000     8.5757   3.704890          2 0.0000e+00
    546.000     8.5819   3.705375          2 0.0000e+00
    545.000     8.5879   3.706166          1 0.0000e+00
    544.000     8.6114   3.709483          3 0.0000e+00
    543.000     8.6416   3.712172          2 0.0000e+00
    542.000     8.6601   3.713737          2 0.0000e+00
    541.000     8.6698   3.714280          2 0.0000e+00
    540.000     8.6745   3.714816          1 0.0000e+00
    539.000     8.6821   3.715890          2 0.0000e+00
    538.000     8.6993   3.717912          2 0.0000e+00
    537.000     8.7203   3.719899          2 0.0000e+00
    536.000     8.7357   3.721271          2 0.0000e+00
    535.000     8.7525   3.723522          2 0.0000e+00
    534.000     8.7735   3.724818          2 0.0000e+00
    533.000     8.7822   3.725784          2 0.0000e+00
    532.000     8.7944   3.727569          2 0.0000e+00
    531.000     8.8131   3.729443          2 0.0000e+00
    530.000     8.8275   3.730856          1 0.0000e+00
    529.000     8.8447   3.732222          3 0.0000e+00
    528.000     8.8574   3.733446          2 0.0000e+00
    527.000     8.8700   3.734672          2 0.0000e+00
    526.000     8.8803   3.735411          2 0.0000e+00
    525.000     8.8858   3.735993          2 0.0000e+00
    524.000     8.8949   3.737042          2 0.0000e+00
    523.000     8.9009   3.737079          2 0.0000e+00
    522.000     8.9027   3.737325          1 0.0000e+00
    521.000     8.9095   3.738239          2 0.0000e+00
    520.000     8.9185   3.738875          2 0.0000e+00
    519.000     8.9274   3.739903          2 0.0000e+00
    518.000     8.9419   3.741708          3 0.0000e+00
    517.000     8.9601   3.743216          2 0.0000e+00
    516.000     8.9724   3.744871          2 0.0000e+00
    515.000     8.9836   3.745548          2 0.0000e+00
    514.000     8.9891   3.745874          1 0.0000e+00
    513.000     8.9925   3.746410          2 0.0000e+00
    512.000     9.0084   3.749153          2 0.0000e+00
    511.000     9.0393   3.751523          2 0.0000e+00
    510.000     9.0508   3.752419          3 0.0000e+00
    509.000     9.0570   3.753204          1 0.0000e+00
    508.000     9.0680   3.754973          2 0.0000e+00
    507.000     9.0911   3.757528          2 0.0000e+00
    506.000     9.1073   3.758440          2 0.0000e+00
    505.000     9.1156   3.759033          2 0.0000e+00
    504.000     9.1230   3.760137          2 0.0000e+00
    503.000     9.1457   3.763084          2 0.0000e+00
    502.000     9.1732   3.765136          3 0.0000e+00
    501.000     9.1791   3.765405          1 0.0000e+00
    500.000     9.1833   3.766097          2 0.0000e+00
    499.000     9.1917   3.767346          1 0.0000e+00
    498.000     9.2046   3.768219          2 0.0000e+00
    497.000     9.2096   3.768272          2 0.0000e+00
    496.000     9.2161   3.769185          3 0.0000e+00
    495.000     9.2249   3.770149          2 0.0000e+00
    494.000     9.2377   3.771818          2 0.0000e+00
    493.000     9.2551   3.773709          2 0.0000e+00
    492.000     9.2709   3.775053          2 0.0000e+00
    491.000     9.2788   3.775674          1 0.0000e+00
    490.000     9.2850   3.776359          2 0.0000e+00
    489.000     9.2973   3.778038          2 0.0000e+00
    488.000     9.3216   3.780814          3 0.0000e+00
    487.000     9.3474   3.783481          2 0.0000e+00
    486.000     9.3703   3.785468          2 0.0000e+00
    485.000     9.3821   3.786230          2 0.0000e+00
    484.000     9.3886   3.787176          2 0.0000e+00
    483.000     9.3998   3.788755          2 0.0000e+00
    482.000     9.4148   3.789864          1 0.0000e+00
    481.000     9.4262   3.791324          3 0.0000e+00
    480.000     9.4540   3.794541          2 0.0000e+00
    479.000     9.4758   3.796373          3 0.0000e+00
    478.000     9.4866   3.797071          1 0.0000e+00
    477.000     9.4938   3.798464          2 0.0000e+00
    476.000     9.5081   3.800503          1 0.0000e+00
    475.000     9.5281   3.801891          2 0.0000e+00
    474.000     9.5375   3.802210          3 0.0000e+00
    473.000     9.5461   3.803354          3 0.0000e+00
    472.000     9.5587   3.804709          1 0.0000e+00
    471.000     9.5689   3.805881          2 0.0000e+00
    470.000     9.5783   3.806713          2 0.0000e+00
    469.000     9.5930   3.809726          1 0.0000e+00
    468.000     9.6174   3.810150          2 0.0000e+00
    467.000     9.6190   3.810471          3 0.0000e+00
    466.000     9.6317   3.811991          2 0.0000e+00
    465.000     9.6481   3.814178          2 0.0000e+00
    464.000     9.6722   3.817042          2 0.0000e+00
    463.000     9.7047   3.821934          2 0.0000e+00
    462.000     9.7497   3.826435          1 0.0000e+00
    461.000     9.7774   3.827059          2 0.0000e+00
    460.000     9.7881   3.829094          3 0.0000e+00
    459.000     9.8135   3.831896          2 0.0000e+00
    458.000     9.8325   3.833610          2 0.0000e+00
    457.000     9.8457   3.834776          2 0.0000e+00
    456.000     9.8577   3.836028          1 0.0000e+00
    455.000     9.8686   3.837028          2 0.0000e+00
    454.000     9.8761   3.837543          2 0.0000e+00
    453.000     9.8830   3.838373          2 0.0000e+00
    452.000     9.8905   3.839021          3 0.0000e+00
    451.000     9.8973   3.839952          2 0.0000e+00
    450.000     9.9123   3.842267          2 0.0000e+00
    449.000     9.9361   3.844258          1 0.0000e+00
    448.000     9.9520   3.845988          2 0.0000e+00
    447.000     9.9691   3.847553          2 0.0000e+00
    446.000     9.9797   3.848097          3 0.0000e+00
    445.000     9.9847   3.848671          2 0.0000e+00
    444.000     9.9909   3.849825          1 0.0000e+00
    443.000    10.0077   3.851494          3 0.0000e+00
    442.000    10.0216   3.852787          2 0.0000e+00
    441.000    10.0321   3.854308          1 0.0000e+00
    440.000    10.0482   3.857317          1 0.0000e+00
    439.000    10.0812   3.860005          3 0.0000e+00
    438.000    10.1090   3.862041          3 0.0000e+00
    437.000    10.1176   3.863131          1 0.0000e+00
    436.000    10.1286   3.864711          2 0.0000e+00
    435.000    10.1396   3.865557          1 0.0000e+00
    434.000    10.1503   3.866811          2 0.0000e+00
    433.000    10.1765   3.869772          4 0.0000e+00
    432.000    10.2025   3.872399          1 0.0000e+00
    431.000    10.2142   3.873471          2 0.0000e+00
    430.000    10.2330   3.876671          2 0.0000e+00
    429.000    10.2609   3.878883          1 0.0000e+00
    428.000    10.2782   3.880326          3 0.0000e+00
    427.000    10.2915   3.881484          2 0.0000e+00
    426.000    10.3005   3.882333          2 0.0000e+00
    425.000    10.3076   3.883047          2 0.0000e+00
    424.000    10.3122   3.883610          2 0.0000e+00
    423.000    10.3189   3.884704          1 0.0000e+00
    422.000    10.3404   3.887719          2 0.0000e+00
    421.000    10.3683   3.890168          3 0.0000e+00
    420.000    10.4004   3.893744          2 0.0000e+00
    419.000    10.4181   3.894797          4 0.0000e+00
    418.000    10.4337   3.896785          3 0.0000e+00
    417.000    10.4549   3.898730          4 0.0000e+00
    416.000    10.4727   3.900544          4 0.0000e+00
    415.000    10.4946   3.903312          4 0.0000e+00
    414.000    10.5085   3.904281          4 0.0000e+00
    413.000    10.5175   3.905261          3 0.0000e+00
    412.000    10.5245   3.905795          5 0.0000e+00
    411.000    10.5290   3.906502          3 0.0000e+00
    410.000    10.5449   3.909362          2 0.0000e+00
    409.000    10.5860   3.913386          4 0.0000e+00
    408.000    10.6172   3.915485         13 0.0000e+00
    407.000    10.6232   3.917490          2 0.0000e+00
    406.000    10.6450   3.919968          1 0.0000e+00
    405.000    10.6644   3.921761          1 0.0000e+00
    404.000    10.6809   3.923262          2 0.0000e+00
    403.000    10.6941   3.924190          1 0.0000e+00
    402.000    10.7117   3.927970          2 0.0000e+00
    401.000    10.7539   3.932254          2 0.0000e+00
    400.000    10.7839   3.934965          1 0.0000e+00
    399.000    10.8072   3.937282          2 0.0000e+00
    398.000    10.8272   3.939362          2 0.0000e+00
    397.000    10.8448   3.940728          1 0.0000e+00
    396.000    10.8550   3.941989          2 0.0000e+00
    395.000    10.8671   3.943370          1 0.0000e+00
    394.000    10.8797   3.944547          1 0.0000e+00
    393.000    10.8928   3.946399          2 0.0000e+00
    392.000    10.9221   3.950271          2 0.0000e+00
    391.000    10.9504   3.952321          2 0.0000e+00
    390.000    10.9638   3.953585          1 0.0000e+00
    389.000    10.9771   3.955503          2 0.0000e+00
    388.000    10.9954   3.957760          1 0.0000e+00
    387.000    11.0192   3.961126          2 0.0000e+00
    386.000    11.0477   3.963765          1 0.0000e+00
    385.000    11.0744   3.966395          2 0.0000e+00
    384.000    11.1034   3.969460          2 0.0000e+00
    383.000    11.1281   3.971433          2 0.0000e+00
    382.000    11.1388   3.972709          1 0.0000e+00
    381.000    11.1524   3.974735          1 0.0000e+00
    380.000    11.1678   3.975817          2 0.0000e+00
    379.000    11.1847   3.978514          2 0.0000e+00
    378.000    11.2233   3.983548          2 0.0000e+00
    377.000    11.2690   3.988093          2 0.0000e+00
    376.000    11.2985   3.990483          1 0.0000e+00
    375.000    11.3130   3.991729          2 0.0000e+00
    374.000    11.3251   3.992999          1 0.0000e+00
    373.000    11.3383   3.994391          2 0.0000e+00
    372.000    11.3535   3.996264          2 0.0000e+00
    371.000    11.3691   3.998535          1 0.0000e+00
    370.000    11.3958   4.001909          2 0.0000e+00
    369.000    11.4238   4.004661          1 0.0000e+00
    368.000    11.4516   4.007925          2 0.0000e+00
    367.000    11.4796   4.010953          2 0.0000e+00
    366.000    11.5119   4.014157          2 0.0000e+00
    365.000    11.5334   4.016306          2 0.0000e+00
    364.000    11.5529   4.018417          1 0.0000e+00
    363.000    11.5736   4.020456          2 0.0000e+00
    362.000    11.5882   4.021720          1 0.0000e+00
    361.000    11.6054   4.024621          2 0.0000e+00
    360.000    11.6278   4.026594          1 0.0000e+00
    359.000    11.6483   4.029391          2 0.0000e+00
    358.000    11.6799   4.032315          2 0.0000e+00
    357.000    11.6994   4.033446          2 0.0000e+00
    356.000    11.7037   4.033573          2 0.0000e+00
    355.000    11.7070   4.034840          2 0.0000e+00
    354.000    11.7264   4.038005          1 0.0000e+00
    353.000    11.7528   4.040878          2 0.0000e+00
    352.000    11.7751   4.042546          2 0.0000e+00
    351.000    11.7937   4.045515          1 0.0000e+00
    350.000    11.8204   4.048140          2 0.0000e+00
    349.000    11.8410   4.049413          1 0.0000e+00
    348.000    11.8605   4.052328          2 0.0000e+00
    347.000    11.8926   4.055646          3 0.0000e+00
    346.000    11.9147   4.058055          1 0.0000e+00
    345.000    11.9309   4.059321          1 0.0000e+00
    344.000    11.9387   4.060033          2 0.0000e+00
    343.000    11.9457   4.060713          1 0.0000e+00
    342.000    11.9575   4.063678          2 0.0000e+00
    341.000    12.0071   4.069523          2 0.0000e+00
    340.000    12.0447   4.072698          2 0.0000e+00
    339.000    12.0702   4.075311          2 0.0000e+00
    338.000    12.0903   4.077407          2 0.0000e+00
    337.000    12.1204   4.081706          2 0.0000e+00
    336.000    12.1532   4.084408          2 0.0000e+00
    335.000    12.1727   4.087208          1 0.0000e+00
    334.000    12.2001   4.091109          2 0.0000e+00
    333.000    12.2358   4.095655          1 0.0000e+00
    332.000    12.2688   4.097907          2 0.0000e+00
    331.000    12.2907   4.099929          1 0.0000e+00
    330.000    12.3195   4.103696          3 0.0000e+00
    329.000    12.3644   4.109484          2 0.0000e+00
    328.000    12.4071   4.112781          2 0.0000e+00
    327.000    12.4211   4.113547          2 0.0000e+00
    326.000    12.4278   4.114889          1 0.0000e+00
    325.000    12.4494   4.118510          2 0.0000e+00
    324.000    12.4795   4.121812          1 0.0000e+00
    323.000    12.5175   4.126990          2 0.0000e+00
    322.000    12.5723   4.133013          2 0.0000e+00
    321.000    12.6077   4.135533          2 0.0000e+00
    320.000    12.6565   4.139765         11 0.0000e+00
    319.000    12.6787   4.142008          2 0.0000e+00
    318.000    12.6929   4.145166          2 0.0000e+00
    317.000    12.7240   4.148229          2 0.0000e+00
    316.000    12.7422   4.149234          2 0.0000e+00
    315.000    12.7469   4.149624          1 0.0000e+00
    314.000    12.7506   4.150315          2 0.0000e+00
    313.000    12.7603   4.151589          2 0.0000e+00
    312.000    12.7762   4.153643          2 0.0000e+00
    311.000    12.7926   4.155246          2 0.0000e+00
    310.000    12.8031   4.156465          1 0.0000e+00
    309.000    12.8169   4.160685          1 0.0000e+00
    308.000    12.8542   4.165817          1 0.0000e+00
    307.000    12.8953   4.170043          1 0.0000e+00
    306.000    12.9358   4.173377          2 0.0000e+00
    305.000    12.9652   4.176103          1 0.0000e+00
    304.000    13.0041   4.180774          2 0.0000e+00
    303.000    13.0530   4.185520          3 0.0000e+00
    302.000    13.0788   4.188472          2 0.0000e+00
    301.000    13.1004   4.190766          1 0.0000e+00
    300.000    13.1164   4.192159          1 0.0000e+00
    299.000    13.1273   4.193897          1 0.0000e+00
    298.000    13.1452   4.196274          1 0.0000e+00
    297.000    13.1717   4.199419          2 0.0000e+00
    296.000    13.2003   4.202195          2 0.0000e+00
    295.000    13.2191   4.203455          2 0.0000e+00
    294.000    13.2326   4.205706          2 0.0000e+00
    293.000    13.2636   4.209624          2 0.0000e+00
    292.000    13.2937   4.212353          1 0.0000e+00
    291.000    13.3137   4.216196          2 0.0000e+00
    290.000    13.3494   4.221291          1 0.0000e+00
    289.000    13.3885   4.225031          1 0.0000e+00
