data/input/seabird/007_201605262145_CTD-SB_CON_BIN_DER.cnv
* Sea-Bird SBE19plus Data File:
* FileName = X:\219-15-530_Gigante_Survey_Mexico\SVP\Seabird\006_201605262145_CTD-SB.hex
* Software Version 1.59
* Temperature SN =  4079
* Conductivity SN =  4079
* System UpLoad Time = May 26 2016 23:47:37
** Lat:  21;28;17.89274 N
** Lon: 94;55;34.84979 W
** WD: 3330m
# nquan = 9                                 
# nvalues = 4583                        
# units = specified
# name 0 = prdM: Pressure, Strain Gauge [db]
# name 1 = tv290C: Temperature [ITS-90, deg C]
# name 2 = c0S/m: Conductivity [S/m]
# name 3 = nbin: number of scans per bin
# name 4 = density00: Density [density, kg/m^3]
# name 5 = sal00: Salinity, Practical [PSU]
# name 6 = depSM: Depth [salt water, m], lat = 21.47
# name 7 = svDM: Sound Velocity [Delgrosso, m/s]
# name 8 = flag: flag
# span 0 =      1.000,   2430.000       
# span 1 =     4.2715,    29.1241       
# span 2 =   3.345191,   5.880566       
# span 3 =          0,        109       
# span 4 =  1022.3978,  1038.7485       
# span 5 =    34.9098,    36.5436       
# span 6 =      0.994,   2401.037       
# span 7 =    1487.37,    1544.32       
# span 8 = 0.0000e+00, 0.0000e+00       
# interval = decibars: 1                
# start_time = May 26 2016 21:49:20 [Instrument's time stamp, header]
# bad_flag = -9.990e-29
*END*
[from data line 1441]
   1442.000     4.3248   3.345812          1  1034.3315    34.9733   1428.121    1491.36 0.0000e+00
   1443.000     4.3240   3.345824          1  1034.3365    34.9738   1429.108    1491.37 0.0000e+00
   1444.000     4.3235   3.345818          2  1034.3410    34.9738   1430.095    1491.39 0.0000e+00
   1445.000     4.3232   3.345884          2  1034.3460    34.9744   1431.082    1491.40 0.0000e+00
   1446.000     4.3232   3.345910          4  1034.3504    34.9742   1432.069    1491.42 0.0000e+00
   1447.000     4.3232   3.345974          3  1034.3551    34.9744   1433.056    1491.44 0.0000e+00
   1448.000     4.3233   3.345973          1  1034.3591    34.9738   1434.043    1491.45 0.0000e+00
   1449.000     4.3233   3.346037          2  1034.3638    34.9741   1435.030    1491.47 0.0000e+00
   1450.000     4.3232   3.346082          2  1034.3685    34.9742   1436.017    1491.49 0.0000e+00
   1451.000     4.3232   3.346108          2  1034.3728    34.9740   1437.004    1491.50 0.0000e+00
   1452.000     4.3232   3.346141          2  1034.3772    34.9739   1437.990    1491.52 0.0000e+00
   1453.000     4.3223   3.346085          2  1034.3817    34.9737   1438.977    1491.53 0.0000e+00
   1454.000     4.3219   3.346138          3  1034.3867    34.9743   1439.964    1491.55 0.0000e+00
   1455.000     4.3218   3.346182          2  1034.3913    34.9744   1440.951    1491.56 0.0000e+00
   1456.000     4.3220   3.346236          2  1034.3958    34.9743   1441.938    1491.58 0.0000e+00
   1457.000     4.3221   3.346294          1  1034.4003    34.9744   1442.925    1491.60 0.0000e+00
   1458.000     4.3220   3.346285          2  1034.4045    34.9739   1443.912    1491.61 0.0000e+00
   1459.000     4.3216   3.346330          2  1034.4094    34.9744   1444.899    1491.63 0.0000e+00
   1460.000     4.3213   3.346305          3  1034.4136    34.9739   1445.886    1491.64 0.0000e+00
   1461.000     4.3205   3.346312          2  1034.4185    34.9744   1446.873    1491.66 0.0000e+00
   1462.000     4.3203   3.346324          2  1034.4230    34.9742   1447.860    1491.67 0.0000e+00
   1463.000     4.3198   3.346329          2  1034.4276    34.9743   1448.847    1491.69 0.0000e+00
   1464.000     4.3198   3.346370          2  1034.4321    34.9743   1449.834    1491.70 0.0000e+00
   1465.000     4.3193   3.346361          2  1034.4366    34.9742   1450.820    1491.72 0.0000e+00
   1466.000     4.3189   3.346368          1  1034.4412    34.9743   1451.807    1491.73 0.0000e+00
   1467.000     4.3188   3.346399          3  1034.4457    34.9742   1452.794    1491.75 0.0000e+00
   1468.000     4.3182   3.346392          3  1034.4504    34.9743   1453.781    1491.76 0.0000e+00
   1469.000     4.3175   3.346419          2  1034.4554    34.9749   1454.768    1491.78 0.0000e+00
   1470.000     4.3179   3.346462          2  1034.4595    34.9744   1455.755    1491.79 0.0000e+00
   1471.000     4.3179   3.346535          1  1034.4643    34.9748   1456.742    1491.81 0.0000e+00
   1472.000     4.3179   3.346554          2  1034.4686    34.9745   1457.729    1491.83 0.0000e+00
   1473.000     4.3178   3.346588          3  1034.4731    34.9746   1458.715    1491.84 0.0000e+00
   1474.000     4.3177   3.346619          1  1034.4776    34.9745   1459.702    1491.86 0.0000e+00
   1475.000     4.3177   3.346645          3  1034.4820    34.9744   1460.689    1491.88 0.0000e+00
   1476.000     4.3174   3.346647          3  1034.4864    34.9742   1461.676    1491.89 0.0000e+00
   1477.000     4.3168   3.346646          2  1034.4911    34.9743   1462.663    1491.91 0.0000e+00
   1478.000     4.3165   3.346694          1  1034.4960    34.9747   1463.650    1491.92 0.0000e+00
   1479.000     4.3160   3.346641          2  1034.5001    34.9741   1464.636    1491.93 0.0000e+00
   1480.000     4.3152   3.346628          2  1034.5049    34.9743   1465.623    1491.95 0.0000e+00
   1481.000     4.3151   3.346672          2  1034.5095    34.9745   1466.610    1491.96 0.0000e+00
   1482.000     4.3146   3.346667          2  1034.5141    34.9745   1467.597    1491.98 0.0000e+00
   1483.000     4.3137   3.346614          3  1034.5186    34.9743   1468.584    1491.99 0.0000e+00
   1484.000     4.3130   3.346654          2  1034.5237    34.9750   1469.570    1492.01 0.0000e+00
   1485.000     4.3130   3.346656          2  1034.5279    34.9745   1470.557    1492.02 0.0000e+00
   1486.000     4.3124   3.346636          2  1034.5324    34.9744   1471.544    1492.04 0.0000e+00
   1487.000     4.3118   3.346652          2  1034.5372    34.9748   1472.531    1492.05 0.0000e+00
   1488.000     4.3110   3.346607          2  1034.5417    34.9746   1473.518    1492.06 0.0000e+00
   1489.000     4.3103   3.346615          2  1034.5466    34.9749   1474.504    1492.08 0.0000e+00
   1490.000     4.3100   3.346622          2  1034.5511    34.9748   1475.491    1492.09 0.0000e+00
   1491.000     4.3098   3.346648          3  1034.5556    34.9749   1476.478    1492.11 0.0000e+00
   1492.000     4.3096   3.346680          2  1034.5602    34.9750   1477.465    1492.12 0.0000e+00
   1493.000     4.3095   3.346702          2  1034.5646    34.9748   1478.451    1492.14 0.0000e+00
   1494.000     4.3095   3.346749          2  1034.5692    34.9749   1479.438    1492.16 0.0000e+00
   1495.000     4.3094   3.346780          2  1034.5737    34.9749   1480.425    1492.17 0.0000e+00
   1496.000     4.3093   3.346811          2  1034.5782    34.9749   1481.412    1492.19 0.0000e+00
   1497.000     4.3091   3.346830          2  1034.5827    34.9748   1482.398    1492.20 0.0000e+00
   1498.000     4.3089   3.346871          2  1034.5874    34.9750   1483.385    1492.22 0.0000e+00
   1499.000     4.3088   3.346891          2  1034.5918    34.9749   1484.372    1492.24 0.0000e+00
   1500.000     4.3087   3.346914          2  1034.5962    34.9748   1485.359    1492.25 0.0000e+00
   1501.000     4.3086   3.346977          2  1034.6010    34.9751   1486.345    1492.27 0.0000e+00
   1502.000     4.3081   3.346930          2  1034.6052    34.9746   1487.332    1492.28 0.0000e+00
   1503.000     4.3068   3.346868          5  1034.6100    34.9747   1488.319    1492.29 0.0000e+00
   1504.000     4.3055   3.346799          3  1034.6147    34.9748   1489.306    1492.31 0.0000e+00
   1505.000     4.3050   3.346814          3  1034.6195    34.9750   1490.292    1492.32 0.0000e+00
   1506.000     4.3047   3.346827          5  1034.6240    34.9750   1491.279    1492.34 0.0000e+00
   1507.000     4.3045   3.346882          4  1034.6288    34.9754   1492.266    1492.35 0.0000e+00
   1508.000     4.3045   3.346919          3  1034.6333    34.9753   1493.252    1492.37 0.0000e+00
   1509.000     4.3046   3.346964          4  1034.6377    34.9752   1494.239    1492.38 0.0000e+00
   1510.000     4.3046   3.347004          5  1034.6422    34.9752   1495.226    1492.40 0.0000e+00
   1511.000     4.3046   3.347052          4  1034.6468    34.9753   1496.212    1492.42 0.0000e+00
   1512.000     4.3048   3.347117          4  1034.6513    34.9754   1497.199    1492.44 0.0000e+00
   1513.000     4.3049   3.347164          6  1034.6557    34.9753   1498.186    1492.45 0.0000e+00
   1514.000     4.3051   3.347220          3  1034.6602    34.9753   1499.172    1492.47 0.0000e+00
   1515.000     4.3052   3.347285          1  1034.6648    34.9754   1500.159    1492.49 0.0000e+00
   1516.000     4.3054   3.347318          1  1034.6690    34.9751   1501.146    1492.50 0.0000e+00
   1517.000     4.3051   3.347330          2  1034.6735    34.9751   1502.132    1492.52 0.0000e+00
   1518.000     4.3048   3.347321          3  1034.6779    34.9748   1503.119    1492.53 0.0000e+00
   1519.000     4.3027   3.347144          3  1034.6824    34.9745   1504.106    1492.54 0.0000e+00
   1520.000     4.3010   3.347109          3  1034.6878    34.9754   1505.092    1492.55 0.0000e+00
   1521.000     4.3009   3.347146          2  1034.6924    34.9754   1506.079    1492.57 0.0000e+00
   1522.000     4.3006   3.347151          1  1034.6969    34.9753   1507.066    1492.58 0.0000e+00
   1523.000     4.3004   3.347194          2  1034.7016    34.9755   1508.052    1492.60 0.0000e+00
   1524.000     4.3003   3.347220          2  1034.7060    34.9755   1509.039    1492.62 0.0000e+00
   1525.000     4.3001   3.347242          4  1034.7105    34.9754   1510.025    1492.63 0.0000e+00
   1526.000     4.2998   3.347272          3  1034.7152    34.9756   1511.012    1492.65 0.0000e+00
   1527.000     4.2997   3.347292          2  1034.7196    34.9755   1511.999    1492.66 0.0000e+00
   1528.000     4.2995   3.347315          2  1034.7241    34.9755   1512.985    1492.68 0.0000e+00
   1529.000     4.2994   3.347335          2  1034.7285    34.9753   1513.972    1492.69 0.0000e+00
   1530.000     4.2989   3.347327          1  1034.7331    34.9753   1514.958    1492.71 0.0000e+00
   1531.000     4.2982   3.347340          3  1034.7380    34.9757   1515.945    1492.72 0.0000e+00
   1532.000     4.2979   3.347352          3  1034.7425    34.9756   1516.932    1492.74 0.0000e+00
   1533.000     4.2970   3.347296          3  1034.7470    34.9754   1517.918    1492.75 0.0000e+00
   1534.000     4.2965   3.347302          2  1034.7516    34.9755   1518.905    1492.76 0.0000e+00
   1535.000     4.2964   3.347354          2  1034.7563    34.9758   1519.891    1492.78 0.0000e+00
   1536.000     4.2962   3.347384          1  1034.7609    34.9758   1520.878    1492.80 0.0000e+00
   1537.000     4.2953   3.347276          2  1034.7649    34.9750   1521.864    1492.81 0.0000e+00
   1538.000     4.2940   3.347267          4  1034.7702    34.9758   1522.851    1492.82 0.0000e+00
   1539.000     4.2940   3.347330          3  1034.7749    34.9761   1523.838    1492.84 0.0000e+00
   1540.000     4.2943   3.347400          1  1034.7794    34.9761   1524.824    1492.86 0.0000e+00
   1541.000     4.2944   3.347436          2  1034.7837    34.9759   1525.811    1492.87 0.0000e+00
   1542.000     4.2943   3.347461          2  1034.7882    34.9758   1526.797    1492.89 0.0000e+00
   1543.000     4.2938   3.347433          2  1034.7925    34.9755   1527.784    1492.90 0.0000e+00
   1544.000     4.2936   3.347498          3  1034.7974    34.9760   1528.770    1492.92 0.0000e+00
   1545.000     4.2935   3.347529          3  1034.8019    34.9760   1529.757    1492.93 0.0000e+00
   1546.000     4.2934   3.347541          2  1034.8062    34.9757   1530.743    1492.95 0.0000e+00
   1547.000     4.2934   3.347603          2  1034.8109    34.9760   1531.730    1492.97 0.0000e+00
   1548.000     4.2934   3.347637          1  1034.8154    34.9759   1532.716    1492.98 0.0000e+00
   1549.000     4.2933   3.347685          2  1034.8200    34.9761   1533.703    1493.00 0.0000e+00
   1550.000     4.2933   3.347710          4  1034.8244    34.9759   1534.689    1493.02 0.0000e+00
   1551.000     4.2934   3.347777          2  1034.8290    34.9761   1535.676    1493.03 0.0000e+00
   1552.000     4.2933   3.347796          3  1034.8334    34.9759   1536.662    1493.05 0.0000e+00
   1553.000     4.2931   3.347828          1  1034.8380    34.9760   1537.649    1493.07 0.0000e+00
   1554.000     4.2931   3.347870          2  1034.8425    34.9760   1538.635    1493.08 0.0000e+00
   1555.000     4.2930   3.347913          2  1034.8471    34.9761   1539.622    1493.10 0.0000e+00
   1556.000     4.2930   3.347926          3  1034.8513    34.9758   1540.608    1493.11 0.0000e+00
   1557.000     4.2930   3.347988          3  1034.8560    34.9760   1541.595    1493.13 0.0000e+00
   1558.000     4.2930   3.348013          2  1034.8604    34.9759   1542.581    1493.15 0.0000e+00
   1559.000     4.2927   3.348048          2  1034.8651    34.9761   1543.568    1493.16 0.0000e+00
   1560.000     4.2926   3.348057          2  1034.8694    34.9758   1544.554    1493.18 0.0000e+00
   1561.000     4.2923   3.348095          2  1034.8741    34.9761   1545.540    1493.19 0.0000e+00
   1562.000     4.2922   3.348138          3  1034.8787    34.9762   1546.527    1493.21 0.0000e+00
   1563.000     4.2921   3.348186          2  1034.8834    34.9764   1547.513    1493.23 0.0000e+00
   1564.000     4.2922   3.348205          2  1034.8876    34.9760   1548.500    1493.24 0.0000e+00
   1565.000     4.2922   3.348238          3  1034.8920    34.9759   1549.486    1493.26 0.0000e+00
   1566.000     4.2920   3.348257          2  1034.8965    34.9759   1550.473    1493.28 0.0000e+00
   1567.000     4.2914   3.348231          2  1034.9010    34.9757   1551.459    1493.29 0.0000e+00
   1568.000     4.2910   3.348281          2  1034.9059    34.9762   1552.445    1493.31 0.0000e+00
   1569.000     4.2911   3.348302          2  1034.9101    34.9759   1553.432    1493.32 0.0000e+00
   1570.000     4.2910   3.348355          3  1034.9148    34.9761   1554.418    1493.34 0.0000e+00
   1571.000     4.2910   3.348397          3  1034.9193    34.9761   1555.405    1493.36 0.0000e+00
   1572.000     4.2911   3.348454          2  1034.9239    34.9762   1556.391    1493.37 0.0000e+00
   1573.000     4.2913   3.348482          2  1034.9281    34.9758   1557.377    1493.39 0.0000e+00
   1574.000     4.2913   3.348551          2  1034.9328    34.9762   1558.364    1493.41 0.0000e+00
   1575.000     4.2914   3.348577          2  1034.9371    34.9759   1559.350    1493.42 0.0000e+00
   1576.000     4.2913   3.348645          2  1034.9419    34.9763   1560.337    1493.44 0.0000e+00
   1577.000     4.2913   3.348669          4  1034.9462    34.9761   1561.323    1493.46 0.0000e+00
   1578.000     4.2910   3.348707          2  1034.9510    34.9764   1562.309    1493.47 0.0000e+00
   1579.000     4.2912   3.348744          2  1034.9552    34.9761   1563.296    1493.49 0.0000e+00
   1580.000     4.2911   3.348771          2  1034.9597    34.9760   1564.282    1493.50 0.0000e+00
   1581.000     4.2908   3.348778          1  1034.9642    34.9759   1565.268    1493.52 0.0000e+00
   1582.000     4.2903   3.348794          3  1034.9689    34.9762   1566.255    1493.53 0.0000e+00
   1583.000     4.2903   3.348834          4  1034.9734    34.9762   1567.241    1493.55 0.0000e+00
   1584.000     4.2903   3.348875          2  1034.9779    34.9762   1568.227    1493.57 0.0000e+00
   1585.000     4.2903   3.348894          1  1034.9822    34.9759   1569.214    1493.58 0.0000e+00
   1586.000     4.2898   3.348916          2  1034.9870    34.9762   1570.200    1493.60 0.0000e+00
   1587.000     4.2898   3.348970          3  1034.9916    34.9763   1571.186    1493.62 0.0000e+00
   1588.000     4.2898   3.348981          2  1034.9958    34.9760   1572.173    1493.63 0.0000e+00
   1589.000     4.2897   3.349023          3  1035.0004    34.9761   1573.159    1493.65 0.0000e+00
   1590.000     4.2897   3.349075          2  1035.0050    34.9762   1574.145    1493.66 0.0000e+00
   1591.000     4.2897   3.349118          2  1035.0095    34.9762   1575.132    1493.68 0.0000e+00
   1592.000     4.2895   3.349145          2  1035.0141    34.9763   1576.118    1493.70 0.0000e+00
   1593.000     4.2896   3.349187          2  1035.0185    34.9762   1577.104    1493.71 0.0000e+00
   1594.000     4.2895   3.349223          3  1035.0230    34.9762   1578.091    1493.73 0.0000e+00
   1595.000     4.2894   3.349254          3  1035.0275    34.9762   1579.077    1493.75 0.0000e+00
   1596.000     4.2893   3.349296          1  1035.0321    34.9763   1580.063    1493.76 0.0000e+00
   1597.000     4.2893   3.349295          2  1035.0362    34.9758   1581.049    1493.78 0.0000e+00
   1598.000     4.2888   3.349286          2  1035.0407    34.9758   1582.036    1493.79 0.0000e+00
   1599.000     4.2882   3.349316          2  1035.0457    34.9762   1583.022    1493.81 0.0000e+00
   1600.000     4.2879   3.349341          3  1035.0503    34.9764   1584.008    1493.82 0.0000e+00
