data/input/seabird/2016_223_005846Reprocessed.cnv
* Sea-Bird SBE19Plus V2+ Data File:
* FileName = c:\velocity\CATFILES\\2016_223_005846.HEX
* Software Version 15.13(r5684)
* Temperature SN = 6122
* Conductivity SN = 6122
* System UpLoad Time = Aug 09 2016 17:12:31
* DS
* SBE 19plus V 2.5.2  SERIAL NO. 6122    10 Aug 2016 01:12:39
# nquan = 5                                 
# nvalues = 1589                        
# units = specified
# name 0 = prdM: Pressure, Strain Gauge [db]
# name 1 = tv290C: Temperature [ITS-90, deg C]
# name 2 = c0S/m: Conductivity [S/m]
# name 3 = sal00: Salinity, Practical [PSU]
# name 4 = flag: flag
# span 0 =      0.001,    174.053       
# span 1 =     6.0468,    13.3014       
# span 2 =  -0.005462,   3.672212       
# span 3 =     0.0000,    32.8214       
# span 4 = 0.0000e+00, 0.0000e+00       
# interval = seconds: 0.25
# start_time = Aug 09 2016 17:12:31 [System UpLoad Time]
# bad_flag = -9.990e-29
*END*
[from data line 286]
      2.366    11.5478   3.649560    31.9885 0.0000e+00
      2.255    11.5487   3.648837    31.9807 0.0000e+00
      2.135    11.5527   3.648418    31.9732 0.0000e+00
      2.022    11.5615   3.648331    31.9648 0.0000e+00
      1.924    11.5700   3.648424    31.9584 0.0000e+00
      1.859    11.5753   3.648299    31.9527 0.0000e+00
      1.831    11.5779   3.648279    31.9502 0.0000e+00
      1.835    11.5790   3.648484    31.9513 0.0000e+00
      1.895    11.5793   3.648647    31.9526 0.0000e+00
      1.975    11.5791   3.648974    31.9559 0.0000e+00
      2.080    11.5762   3.650162    31.9699 0.0000e+00
      2.202    11.5708   3.651172    31.9844 0.0000e+00
      2.324    11.5657   3.651383    31.9908 0.0000e+00
      2.433    11.5613   3.651217    31.9929 0.0000e+00
      2.531    11.5579   3.651035    31.9940 0.0000e+00
      2.588    11.5554   3.650938    31.9952 0.0000e+00
      2.606    11.5537   3.650942    31.9967 0.0000e+00
      2.591    11.5524   3.651085    31.9993 0.0000e+00
      2.549    11.5514   3.651195    32.0012 0.0000e+00
      2.484    11.5507   3.650960    31.9996 0.0000e+00
      2.398    11.5503   3.650891    31.9993 0.0000e+00
      2.316    11.5501   3.650438    31.9951 0.0000e+00
      2.233    11.5505   3.649629    31.9869 0.0000e+00
      2.158    11.5514   3.649150    31.9814 0.0000e+00
      2.106    11.5522   3.648931    31.9786 0.0000e+00
      2.073    11.5522   3.648838    31.9778 0.0000e+00
      2.078    11.5516   3.648800    31.9779 0.0000e+00
      2.100    11.5509   3.648813    31.9786 0.0000e+00
      2.138    11.5497   3.648882    31.9803 0.0000e+00
      2.186    11.5475   3.648964    31.9830 0.0000e+00
      2.224    11.5451   3.649035    31.9857 0.0000e+00
      2.257    11.5439   3.649168    31.9881 0.0000e+00
      2.280    11.5440   3.649416    31.9904 0.0000e+00
      2.302    11.5447   3.649804    31.9936 0.0000e+00
      2.322    11.5456   3.649870    31.9934 0.0000e+00
      2.335    11.5465   3.649786    31.9918 0.0000e+00
      2.353    11.5472   3.649725    31.9906 0.0000e+00
      2.371    11.5476   3.649774    31.9907 0.0000e+00
      2.391    11.5476   3.650218    31.9950 0.0000e+00
      2.426    11.5480   3.649748    31.9901 0.0000e+00
      2.464    11.5484   3.650560    31.9977 0.0000e+00
      2.499    11.5484   3.651087    32.0028 0.0000e+00
      2.513    11.5478   3.651070    32.0031 0.0000e+00
      2.511    11.5469   3.651258    32.0057 0.0000e+00
      2.491    11.5461   3.651426    32.0081 0.0000e+00
      2.457    11.5453   3.651489    32.0094 0.0000e+00
      2.408    11.5447   3.651590    32.0109 0.0000e+00
      2.351    11.5442   3.651555    32.0110 0.0000e+00
      2.295    11.5441   3.651478    32.0104 0.0000e+00
      2.238    11.5442   3.651500    32.0105 0.0000e+00
      2.182    11.5443   3.651631    32.0118 0.0000e+00
      2.131    11.5442   3.651556    32.0111 0.0000e+00
      2.084    11.5440   3.651474    32.0105 0.0000e+00
      2.057    11.5443   3.651414    32.0097 0.0000e+00
      2.040    11.5449   3.651359    32.0086 0.0000e+00
      2.046    11.5456   3.651272    32.0072 0.0000e+00
      2.080    11.5463   3.651228    32.0061 0.0000e+00
      2.131    11.5468   3.651208    32.0055 0.0000e+00
      2.182    11.5470   3.651224    32.0055 0.0000e+00
      2.229    11.5468   3.651304    32.0064 0.0000e+00
      2.269    11.5463   3.651291    32.0067 0.0000e+00
      2.306    11.5460   3.651232    32.0063 0.0000e+00
      2.329    11.5459   3.651213    32.0062 0.0000e+00
      2.344    11.5463   3.651314    32.0069 0.0000e+00
      2.351    11.5466   3.651363    32.0071 0.0000e+00
      2.369    11.5466   3.651419    32.0076 0.0000e+00
      2.376    11.5464   3.651425    32.0078 0.0000e+00
      2.371    11.5462   3.651232    32.0061 0.0000e+00
      2.360    11.5459   3.651483    32.0089 0.0000e+00
      2.351    11.5453   3.651452    32.0091 0.0000e+00
      2.351    11.5445   3.651417    32.0094 0.0000e+00
      2.356    11.5440   3.651403    32.0097 0.0000e+00
      2.371    11.5442   3.651355    32.0091 0.0000e+00
      2.398    11.5445   3.651390    32.0091 0.0000e+00
      2.413    11.5449   3.651462    32.0095 0.0000e+00
      2.413    11.5452   3.651451    32.0091 0.0000e+00
      2.384    11.5454   3.651394    32.0084 0.0000e+00
      2.329    11.5454   3.651367    32.0082 0.0000e+00
      2.262    11.5452   3.651307    32.0078 0.0000e+00
      2.184    11.5450   3.651255    32.0075 0.0000e+00
      2.120    11.5451   3.651206    32.0069 0.0000e+00
      2.089    11.5455   3.651183    32.0064 0.0000e+00
      2.095    11.5459   3.651296    32.0071 0.0000e+00
      2.138    11.5462   3.651291    32.0068 0.0000e+00
      2.207    11.5464   3.651362    32.0073 0.0000e+00
      2.293    11.5460   3.651353    32.0075 0.0000e+00
      2.369    11.5454   3.651392    32.0084 0.0000e+00
      2.433    11.5450   3.651420    32.0090 0.0000e+00
      2.482    11.5448   3.651360    32.0086 0.0000e+00
      2.507    11.5446   3.651282    32.0080 0.0000e+00
      2.507    11.5446   3.651327    32.0084 0.0000e+00
      2.480    11.5447   3.651387    32.0089 0.0000e+00
      2.424    11.5451   3.651415    32.0089 0.0000e+00
      2.342    11.5455   3.651424    32.0086 0.0000e+00
      2.238    11.5456   3.651392    32.0083 0.0000e+00
      2.131    11.5454   3.650623    32.0010 0.0000e+00
      2.027    11.5451   3.648216    31.9778 0.0000e+00
      1.947    11.5449   3.651230    32.0074 0.0000e+00
      1.902    11.5448   3.651244    32.0077 0.0000e+00
      1.889    11.5448   3.651225    32.0075 0.0000e+00
      1.933    11.5449   3.651260    32.0077 0.0000e+00
      2.042    11.5450   3.651301    32.0080 0.0000e+00
      2.174    11.5450   3.651348    32.0084 0.0000e+00
      2.311    11.5448   3.651424    32.0092 0.0000e+00
      2.453    11.5449   3.651383    32.0087 0.0000e+00
      2.555    11.5448   3.651355    32.0085 0.0000e+00
      2.616    11.5445   3.651295    32.0081 0.0000e+00
      2.644    11.5442   3.651265    32.0081 0.0000e+00
      2.644    11.5440   3.651327    32.0089 0.0000e+00
      2.622    11.5438   3.651360    32.0094 0.0000e+00
      2.582    11.5439   3.651334    32.0090 0.0000e+00
      2.525    11.5443   3.651321    32.0086 0.0000e+00
      2.458    11.5446   3.651314    32.0083 0.0000e+00
      2.376    11.5446   3.651268    32.0079 0.0000e+00
      2.295    11.5445   3.651322    32.0085 0.0000e+00
      2.236    11.5445   3.651306    32.0084 0.0000e+00
      2.191    11.5448   3.651231    32.0074 0.0000e+00
      2.160    11.5453   3.651194    32.0066 0.0000e+00
      2.142    11.5458   3.651227    32.0065 0.0000e+00
      2.144    11.5458   3.651203    32.0063 0.0000e+00
      2.167    11.5457   3.651227    32.0066 0.0000e+00
      2.209    11.5462   3.651290    32.0068 0.0000e+00
      2.255    11.5468   3.651311    32.0064 0.0000e+00
      2.296    11.5473   3.651287    32.0058 0.0000e+00
      2.324    11.5472   3.651282    32.0058 0.0000e+00
      2.325    11.5470   3.651276    32.0059 0.0000e+00
      2.320    11.5470   3.651330    32.0064 0.0000e+00
      2.300    11.5474   3.651393    32.0067 0.0000e+00
      2.271    11.5481   3.651440    32.0066 0.0000e+00
      2.233    11.5487   3.651391    32.0056 0.0000e+00
      2.193    11.5490   3.651361    32.0051 0.0000e+00
      2.162    11.5486   3.651455    32.0063 0.0000e+00
      2.167    11.5479   3.651485    32.0072 0.0000e+00
      2.198    11.5473   3.651539    32.0083 0.0000e+00
      2.254    11.5466   3.651475    32.0082 0.0000e+00
      2.318    11.5456   3.651443    32.0087 0.0000e+00
      2.369    11.5441   3.651462    32.0102 0.0000e+00
      2.402    11.5420   3.651516    32.0125 0.0000e+00
      2.413    11.5400   3.651615    32.0152 0.0000e+00
      2.407    11.5392   3.651665    32.0164 0.0000e+00
      2.384    11.5392   3.651617    32.0159 0.0000e+00
      2.344    11.5397   3.651593    32.0153 0.0000e+00
      2.300    11.5404   3.651473    32.0135 0.0000e+00
      2.262    11.5405   3.651416    32.0129 0.0000e+00
      2.256    11.5399   3.651442    32.0137 0.0000e+00
      2.285    11.5392   3.651315    32.0130 0.0000e+00
      2.353    11.5389   3.651138    32.0115 0.0000e+00
      2.451    11.5386   3.650971    32.0101 0.0000e+00
      2.551    11.5383   3.650689    32.0076 0.0000e+00
      2.611    11.5372   3.650857    32.0102 0.0000e+00
      2.625    11.5355   3.650826    32.0113 0.0000e+00
      2.598    11.5350   3.650916    32.0127 0.0000e+00
      2.534    11.5362   3.651014    32.0126 0.0000e+00
      2.427    11.5388   3.650952    32.0098 0.0000e+00
      2.293    11.5407   3.650872    32.0074 0.0000e+00
      2.138    11.5416   3.650819    32.0062 0.0000e+00
      1.994    11.5420   3.650810    32.0058 0.0000e+00
      1.920    11.5423   3.650796    32.0055 0.0000e+00
      1.916    11.5427   3.650751    32.0047 0.0000e+00
      1.973    11.5430   3.650636    32.0033 0.0000e+00
      2.056    11.5432   3.650333    32.0001 0.0000e+00
      2.147    11.5432   3.650415    32.0009 0.0000e+00
      2.216    11.5435   3.650669    32.0031 0.0000e+00
      2.278    11.5438   3.651040    32.0064 0.0000e+00
      2.318    11.5441   3.651144    32.0071 0.0000e+00
      2.349    11.5441   3.651097    32.0067 0.0000e+00
      2.369    11.5437   3.651074    32.0068 0.0000e+00
      2.394    11.5432   3.651138    32.0078 0.0000e+00
      2.411    11.5433   3.651131    32.0076 0.0000e+00
      2.420    11.5435   3.651173    32.0079 0.0000e+00
      2.425    11.5436   3.651185    32.0079 0.0000e+00
      2.418    11.5438   3.651187    32.0078 0.0000e+00
      2.398    11.5438   3.651187    32.0078 0.0000e+00
      2.378    11.5437   3.651258    32.0086 0.0000e+00
      2.354    11.5435   3.651288    32.0090 0.0000e+00
      2.338    11.5429   3.651294    32.0096 0.0000e+00
      2.311    11.5419   3.651233    32.0099 0.0000e+00
      2.292    11.5404   3.651136    32.0103 0.0000e+00
      2.278    11.5382   3.651164    32.0124 0.0000e+00
      2.260    11.5358   3.651208    32.0149 0.0000e+00
      2.240    11.5337   3.651196    32.0167 0.0000e+00
      2.205    11.5314   3.651191    32.0186 0.0000e+00
      2.180    11.5300   3.651168    32.0196 0.0000e+00
      2.149    11.5293   3.651152    32.0201 0.0000e+00
      2.138    11.5299   3.651142    32.0195 0.0000e+00
      2.143    11.5307   3.651098    32.0183 0.0000e+00
      2.160    11.5311   3.650845    32.0155 0.0000e+00
      2.187    11.5317   3.650408    32.0107 0.0000e+00
      2.219    11.5321   3.650633    32.0126 0.0000e+00
      2.269    11.5320   3.650360    32.0100 0.0000e+00
      2.316    11.5309   3.650328    32.0106 0.0000e+00
      2.365    11.5291   3.649972    32.0086 0.0000e+00
      2.425    11.5273   3.650043    32.0109 0.0000e+00
      2.490    11.5263   3.650016    32.0114 0.0000e+00
      2.552    11.5258   3.650150    32.0132 0.0000e+00
      2.607    11.5257   3.650245    32.0141 0.0000e+00
      2.640    11.5260   3.650267    32.0141 0.0000e+00
      2.649    11.5270   3.650294    32.0135 0.0000e+00
      2.618    11.5291   3.650341    32.0121 0.0000e+00
      2.554    11.5320   3.650305    32.0093 0.0000e+00
      2.452    11.5348   3.650161    32.0055 0.0000e+00
      2.338    11.5367   3.650002    32.0024 0.0000e+00
      2.209    11.5381   3.649772    31.9990 0.0000e+00
      2.087    11.5392   3.649556    31.9960 0.0000e+00
      1.981    11.5400   3.648905    31.9890 0.0000e+00
      1.905    11.5406   3.649826    31.9975 0.0000e+00
      1.850    11.5410   3.649861    31.9975 0.0000e+00
      1.823    11.5410   3.649945    31.9983 0.0000e+00
      1.825    11.5412   3.649941    31.9981 0.0000e+00
      1.858    11.5414   3.649586    31.9945 0.0000e+00
      1.905    11.5414   3.650647    32.0048 0.0000e+00
      1.985    11.5413   3.650774    32.0061 0.0000e+00
      2.069    11.5411   3.650823    32.0067 0.0000e+00
      2.151    11.5410   3.650943    32.0079 0.0000e+00
      2.243    11.5411   3.650980    32.0081 0.0000e+00
      2.336    11.5410   3.650989    32.0083 0.0000e+00
      2.423    11.5410   3.651046    32.0088 0.0000e+00
      2.492    11.5411   3.651041    32.0086 0.0000e+00
      2.532    11.5413   3.651040    32.0084 0.0000e+00
      2.551    11.5414   3.651101    32.0089 0.0000e+00
      2.538    11.5415   3.651038    32.0082 0.0000e+00
      2.511    11.5418   3.650996    32.0076 0.0000e+00
      2.480    11.5422   3.650981    32.0071 0.0000e+00
      2.447    11.5425   3.650999    32.0070 0.0000e+00
      2.423    11.5425   3.650987    32.0069 0.0000e+00
      2.405    11.5424   3.651002    32.0072 0.0000e+00
      2.394    11.5428   3.651012    32.0069 0.0000e+00
      2.385    11.5436   3.651047    32.0066 0.0000e+00
      2.374    11.5440   3.651036    32.0061 0.0000e+00
      2.361    11.5441   3.651069    32.0064 0.0000e+00
      2.343    11.5439   3.651059    32.0065 0.0000e+00
      2.330    11.5435   3.651089    32.0071 0.0000e+00
      2.312    11.5431   3.651096    32.0075 0.0000e+00
      2.292    11.5428   3.651120    32.0080 0.0000e+00
      2.260    11.5426   3.651069    32.0077 0.0000e+00
      2.214    11.5422   3.651092    32.0083 0.0000e+00
      2.169    11.5420   3.651148    32.0090 0.0000e+00
      2.130    11.5422   3.651234    32.0097 0.0000e+00
      2.101    11.5423   3.651270    32.0100 0.0000e+00
      2.089    11.5422   3.651230    32.0097 0.0000e+00
      2.069    11.5423   3.651171    32.0090 0.0000e+00
      2.061    11.5425   3.651146    32.0086 0.0000e+00
      2.059    11.5426   3.651121    32.0083 0.0000e+00
      2.076    11.5425   3.651087    32.0080 0.0000e+00
      2.112    11.5426   3.651108    32.0082 0.0000e+00
      2.174    11.5419   3.651089    32.0085 0.0000e+00
      2.258    11.5397   3.651044    32.0100 0.0000e+00
      2.350    11.5369   3.651108    32.0130 0.0000e+00
      2.434    11.5354   3.651150    32.0147 0.0000e+00
      2.492    11.5353   3.651020    32.0134 0.0000e+00
      2.527    11.5348   3.651056    32.0142 0.0000e+00
      2.534    11.5347   3.651139    32.0151 0.0000e+00
      2.505    11.5360   3.651119    32.0138 0.0000e+00
      2.443    11.5377   3.651076    32.0119 0.0000e+00
      2.357    11.5397   3.651113    32.0106 0.0000e+00
      2.267    11.5432   3.651043    32.0069 0.0000e+00
      2.168    11.5470   3.650812    32.0014 0.0000e+00
      2.088    11.5492   3.650529    31.9968 0.0000e+00
      2.043    11.5498   3.650432    31.9954 0.0000e+00
      2.027    11.5496   3.650628    31.9975 0.0000e+00
      2.039    11.5496   3.650488    31.9961 0.0000e+00
      2.094    11.5496   3.650426    31.9955 0.0000e+00
      2.179    11.5495   3.650734    31.9985 0.0000e+00
      2.299    11.5496   3.650887    31.9999 0.0000e+00
      2.410    11.5492   3.650997    32.0012 0.0000e+00
      2.523    11.5481   3.651394    32.0060 0.0000e+00
      2.607    11.5467   3.651808    32.0112 0.0000e+00
      2.661    11.5457   3.651828    32.0123 0.0000e+00
      2.681    11.5448   3.651764    32.0124 0.0000e+00
      2.654    11.5432   3.651650    32.0127 0.0000e+00
      2.590    11.5413   3.651678    32.0146 0.0000e+00
      2.488    11.5401   3.651708    32.0160 0.0000e+00
      2.361    11.5398   3.651637    32.0156 0.0000e+00
      2.218    11.5401   3.651677    32.0158 0.0000e+00
      2.072    11.5405   3.651631    32.0151 0.0000e+00
      1.963    11.5408   3.651467    32.0133 0.0000e+00
      1.885    11.5409   3.651315    32.0117 0.0000e+00
      1.854    11.5411   3.651287    32.0113 0.0000e+00
      1.857    11.5411   3.651282    32.0113 0.0000e+00
      1.888    11.5412   3.651063    32.0090 0.0000e+00
      1.948    11.5418   3.650861    32.0065 0.0000e+00
      2.016    11.5423   3.650810    32.0055 0.0000e+00
      2.099    11.5429   3.650853    32.0054 0.0000e+00
      2.196    11.5433   3.650993    32.0064 0.0000e+00
      2.290    11.5436   3.650998    32.0061 0.0000e+00
