data/input/seabird/2016_223_005846Reprocessed.cnv
* Sea-Bird SBE19Plus V2+ Data File:
* FileName = c:\velocity\CATFILES\\2016_223_005846.HEX
* Software Version 15.13(r5684)
* Temperature SN = 6122
* Conductivity SN = 6122
* System UpLoad Time = Aug 09 2016 17:12:31
* DS
* SBE 19plus V 2.5.2  SERIAL NO. 6122    10 Aug 2016 01:12:39
# nquan = 5                                 
# nvalues = 1589                        
# units = specified
# name 0 = prdM: Pressure, Strain Gauge [db]
# name 1 = tv290C: Temperature [ITS-90, deg C]
# name 2 = c0S/m: Conductivity [S/m]
# name 3 = sal00: Salinity, Practical [PSU]
# name 4 = flag: flag
# span 0 =      0.001,    174.053       
# span 1 =     6.0468,    13.3014       
# span 2 =  -0.005462,   3.672212       
# span 3 =     0.0000,    32.8214       
# span 4 = 0.0000e+00, 0.0000e+00       
# interval = seconds: 0.25
# start_time = Aug 09 2016 17:12:31 [System UpLoad Time]
# bad_flag = -9.990e-29
*END*
[from data line 572]
      2.461    11.5435   3.651056    32.0067 0.0000e+00
      2.516    11.5434   3.651030    32.0065 0.0000e+00
      2.554    11.5435   3.650993    32.0061 0.0000e+00
      2.567    11.5436   3.651026    32.0063 0.0000e+00
      2.556    11.5431   3.651152    32.0080 0.0000e+00
      2.527    11.5422   3.651159    32.0088 0.0000e+00
      2.468    11.5418   3.651203    32.0096 0.0000e+00
      2.401    11.5417   3.651217    32.0099 0.0000e+00
      2.296    11.5419   3.651239    32.0100 0.0000e+00
      2.177    11.5424   3.651250    32.0097 0.0000e+00
      2.065    11.5431   3.651189    32.0085 0.0000e+00
      1.986    11.5438   3.651150    32.0076 0.0000e+00
      1.970    11.5442   3.651232    32.0080 0.0000e+00
      2.017    11.5445   3.651190    32.0073 0.0000e+00
      2.119    11.5446   3.651152    32.0069 0.0000e+00
      2.221    11.5446   3.650984    32.0052 0.0000e+00
      2.319    11.5445   3.651050    32.0059 0.0000e+00
      2.421    11.5445   3.651083    32.0061 0.0000e+00
      2.508    11.5451   3.651100    32.0058 0.0000e+00
      2.570    11.5462   3.651177    32.0055 0.0000e+00
      2.601    11.5471   3.651251    32.0055 0.0000e+00
      2.594    11.5477   3.651293    32.0053 0.0000e+00
      2.554    11.5481   3.651348    32.0056 0.0000e+00
      2.472    11.5485   3.651340    32.0052 0.0000e+00
      2.354    11.5491   3.651283    32.0041 0.0000e+00
      2.226    11.5495   3.651284    32.0039 0.0000e+00
      2.106    11.5499   3.651285    32.0036 0.0000e+00
      2.019    11.5501   3.651291    32.0035 0.0000e+00
      1.979    11.5504   3.651325    32.0036 0.0000e+00
      1.974    11.5506   3.651490    32.0050 0.0000e+00
      2.006    11.5507   3.651529    32.0053 0.0000e+00
      2.063    11.5511   3.651619    32.0058 0.0000e+00
      2.128    11.5515   3.651624    32.0055 0.0000e+00
      2.185    11.5519   3.651666    32.0055 0.0000e+00
      2.237    11.5522   3.651762    32.0062 0.0000e+00
      2.279    11.5523   3.651757    32.0060 0.0000e+00
      2.306    11.5521   3.651740    32.0060 0.0000e+00
      2.326    11.5511   3.651770    32.0072 0.0000e+00
      2.348    11.5491   3.651790    32.0091 0.0000e+00
      2.374    11.5469   3.651764    32.0107 0.0000e+00
      2.408    11.5455   3.651798    32.0122 0.0000e+00
      2.439    11.5444   3.651859    32.0138 0.0000e+00
      2.466    11.5433   3.651848    32.0146 0.0000e+00
      2.479    11.5419   3.651885    32.0162 0.0000e+00
      2.472    11.5400   3.651895    32.0179 0.0000e+00
      2.457    11.5379   3.651887    32.0197 0.0000e+00
      2.426    11.5363   3.651869    32.0209 0.0000e+00
      2.390    11.5356   3.651759    32.0204 0.0000e+00
      2.350    11.5361   3.651494    32.0174 0.0000e+00
      2.305    11.5377   3.651291    32.0141 0.0000e+00
      2.263    11.5390   3.651247    32.0126 0.0000e+00
      2.217    11.5401   3.651223    32.0114 0.0000e+00
      2.177    11.5410   3.651122    32.0096 0.0000e+00
      2.148    11.5414   3.651018    32.0083 0.0000e+00
      2.143    11.5416   3.650794    32.0059 0.0000e+00
      2.152    11.5415   3.650620    32.0043 0.0000e+00
      2.185    11.5401   3.650524    32.0046 0.0000e+00
      2.226    11.5375   3.650476    32.0064 0.0000e+00
      2.268    11.5350   3.650628    32.0100 0.0000e+00
      2.303    11.5338   3.650871    32.0134 0.0000e+00
      2.323    11.5331   3.650933    32.0146 0.0000e+00
      2.326    11.5320   3.651019    32.0164 0.0000e+00
      2.315    11.5301   3.651021    32.0180 0.0000e+00
      2.275    11.5280   3.650995    32.0196 0.0000e+00
      2.228    11.5263   3.651039    32.0215 0.0000e+00
      2.184    11.5244   3.651012    32.0229 0.0000e+00
      2.157    11.5231   3.650821    32.0222 0.0000e+00
      2.152    11.5236   3.650465    32.0183 0.0000e+00
      2.150    11.5261   3.650261    32.0141 0.0000e+00
      2.161    11.5290   3.650294    32.0120 0.0000e+00
      2.190    11.5307   3.650309    32.0106 0.0000e+00
      2.217    11.5312   3.650203    32.0091 0.0000e+00
      2.243    11.5314   3.649967    32.0067 0.0000e+00
      2.268    11.5317   3.649790    32.0047 0.0000e+00
      2.301    11.5321   3.649695    32.0034 0.0000e+00
      2.343    11.5323   3.649570    32.0020 0.0000e+00
      2.393    11.5322   3.649459    32.0010 0.0000e+00
      2.446    11.5321   3.649660    32.0030 0.0000e+00
      2.495    11.5318   3.649999    32.0065 0.0000e+00
      2.537    11.5310   3.650303    32.0102 0.0000e+00
      2.553    11.5307   3.650350    32.0109 0.0000e+00
      2.550    11.5314   3.650246    32.0093 0.0000e+00
      2.522    11.5319   3.650274    32.0091 0.0000e+00
      2.457    11.5322   3.650294    32.0091 0.0000e+00
      2.368    11.5328   3.650309    32.0087 0.0000e+00
      2.261    11.5338   3.650314    32.0080 0.0000e+00
      2.142    11.5349   3.650284    32.0068 0.0000e+00
      2.033    11.5357   3.650230    32.0056 0.0000e+00
      1.952    11.5364   3.650277    32.0055 0.0000e+00
      1.921    11.5372   3.650163    32.0037 0.0000e+00
      1.948    11.5383   3.650156    32.0027 0.0000e+00
      2.021    11.5391   3.650336    32.0037 0.0000e+00
      2.137    11.5397   3.650287    32.0026 0.0000e+00
      2.253    11.5401   3.650344    32.0028 0.0000e+00
      2.361    11.5402   3.650384    32.0031 0.0000e+00
      2.443    11.5405   3.650526    32.0042 0.0000e+00
      2.492    11.5414   3.650619    32.0043 0.0000e+00
      2.495    11.5424   3.650626    32.0035 0.0000e+00
      2.468    11.5429   3.650671    32.0035 0.0000e+00
      2.401    11.5431   3.650806    32.0047 0.0000e+00
      2.313    11.5432   3.650898    32.0055 0.0000e+00
      2.237    11.5430   3.650910    32.0058 0.0000e+00
      2.193    11.5426   3.650944    32.0065 0.0000e+00
      2.175    11.5422   3.650958    32.0070 0.0000e+00
      2.177    11.5420   3.650958    32.0072 0.0000e+00
      2.190    11.5420   3.650979    32.0074 0.0000e+00
      2.212    11.5418   3.651079    32.0085 0.0000e+00
      2.228    11.5415   3.651200    32.0100 0.0000e+00
      2.237    11.5416   3.651191    32.0098 0.0000e+00
      2.241    11.5415   3.651180    32.0098 0.0000e+00
      2.253    11.5412   3.651178    32.0100 0.0000e+00
      2.270    11.5405   3.651157    32.0104 0.0000e+00
      2.299    11.5397   3.651105    32.0106 0.0000e+00
      2.339    11.5391   3.651080    32.0108 0.0000e+00
      2.375    11.5385   3.651019    32.0107 0.0000e+00
      2.419    11.5383   3.651132    32.0120 0.0000e+00
      2.459    11.5386   3.651078    32.0112 0.0000e+00
      2.486    11.5390   3.651007    32.0101 0.0000e+00
      2.495    11.5399   3.651079    32.0100 0.0000e+00
      2.481    11.5408   3.651074    32.0092 0.0000e+00
      2.450    11.5411   3.651028    32.0085 0.0000e+00
      2.406    11.5411   3.650941    32.0077 0.0000e+00
      2.350    11.5411   3.650816    32.0065 0.0000e+00
      2.293    11.5408   3.650783    32.0065 0.0000e+00
      2.239    11.5404   3.650765    32.0067 0.0000e+00
      2.200    11.5397   3.650768    32.0073 0.0000e+00
      2.180    11.5390   3.650820    32.0084 0.0000e+00
      2.170    11.5383   3.650887    32.0097 0.0000e+00
      2.182    11.5378   3.650956    32.0108 0.0000e+00
      2.202    11.5376   3.651012    32.0115 0.0000e+00
      2.224    11.5378   3.651041    32.0116 0.0000e+00
      2.237    11.5381   3.650994    32.0109 0.0000e+00
      2.231    11.5382   3.650953    32.0104 0.0000e+00
      2.217    11.5385   3.650978    32.0104 0.0000e+00
      2.193    11.5389   3.650930    32.0096 0.0000e+00
      2.149    11.5393   3.650863    32.0086 0.0000e+00
      2.099    11.5396   3.650783    32.0076 0.0000e+00
      2.068    11.5399   3.650772    32.0072 0.0000e+00
      2.077    11.5403   3.650723    32.0064 0.0000e+00
      2.164    11.5408   3.650746    32.0062 0.0000e+00
      2.288    11.5414   3.650791    32.0060 0.0000e+00
      2.437    11.5419   3.650795    32.0056 0.0000e+00
      2.571    11.5421   3.650817    32.0056 0.0000e+00
      2.673    11.5418   3.650866    32.0063 0.0000e+00
      2.735    11.5412   3.650899    32.0071 0.0000e+00
      2.757    11.5409   3.650895    32.0073 0.0000e+00
      2.724    11.5406   3.650939    32.0080 0.0000e+00
      2.644    11.5404   3.650992    32.0087 0.0000e+00
      2.528    11.5404   3.650992    32.0088 0.0000e+00
      2.382    11.5404   3.651008    32.0090 0.0000e+00
      2.231    11.5407   3.651088    32.0096 0.0000e+00
      2.104    11.5412   3.651127    32.0096 0.0000e+00
      1.997    11.5416   3.651110    32.0091 0.0000e+00
      1.935    11.5417   3.651049    32.0084 0.0000e+00
      1.931    11.5419   3.650988    32.0077 0.0000e+00
      1.962    11.5419   3.650954    32.0073 0.0000e+00
      2.026    11.5418   3.650967    32.0075 0.0000e+00
      2.118    11.5418   3.650937    32.0072 0.0000e+00
      2.215    11.5412   3.650967    32.0079 0.0000e+00
      2.302    11.5396   3.650975    32.0094 0.0000e+00
      2.375    11.5372   3.651011    32.0118 0.0000e+00
      2.420    11.5359   3.651064    32.0134 0.0000e+00
      2.438    11.5365   3.651079    32.0130 0.0000e+00
      2.424    11.5376   3.651072    32.0120 0.0000e+00
      2.388    11.5385   3.651102    32.0115 0.0000e+00
      2.348    11.5391   3.651111    32.0111 0.0000e+00
      2.315    11.5394   3.651074    32.0105 0.0000e+00
      2.307    11.5396   3.651075    32.0103 0.0000e+00
      2.326    11.5398   3.651045    32.0099 0.0000e+00
      2.362    11.5394   3.650834    32.0081 0.0000e+00
      2.411    11.5381   3.650478    32.0058 0.0000e+00
      2.466    11.5364   3.650487    32.0073 0.0000e+00
      2.498    11.5351   3.650649    32.0100 0.0000e+00
      2.513    11.5344   3.650834    32.0124 0.0000e+00
      2.507    11.5339   3.650880    32.0133 0.0000e+00
      2.471    11.5348   3.650906    32.0128 0.0000e+00
      2.415    11.5365   3.650898    32.0113 0.0000e+00
      2.340    11.5374   3.650862    32.0102 0.0000e+00
      2.249    11.5378   3.650939    32.0106 0.0000e+00
      2.155    11.5380   3.650894    32.0100 0.0000e+00
      2.064    11.5379   3.650664    32.0079 0.0000e+00
      1.989    11.5379   3.650524    32.0066 0.0000e+00
      1.942    11.5381   3.650420    32.0054 0.0000e+00
      1.942    11.5384   3.650415    32.0051 0.0000e+00
      1.985    11.5385   3.650405    32.0049 0.0000e+00
      2.071    11.5385   3.650595    32.0067 0.0000e+00
      2.187    11.5386   3.650826    32.0088 0.0000e+00
      2.327    11.5386   3.650766    32.0082 0.0000e+00
      2.478    11.5384   3.650781    32.0084 0.0000e+00
      2.602    11.5384   3.650780    32.0084 0.0000e+00
      2.700    11.5386   3.650776    32.0081 0.0000e+00
      2.747    11.5390   3.650792    32.0079 0.0000e+00
      2.742    11.5394   3.650828    32.0079 0.0000e+00
      2.684    11.5397   3.650826    32.0077 0.0000e+00
      2.582    11.5400   3.650845    32.0076 0.0000e+00
      2.447    11.5403   3.650815    32.0071 0.0000e+00
      2.300    11.5404   3.650746    32.0064 0.0000e+00
      2.169    11.5405   3.650329    32.0024 0.0000e+00
      2.080    11.5406   3.650005    31.9991 0.0000e+00
      2.044    11.5402   3.650638    32.0057 0.0000e+00
      2.058    11.5389   3.650849    32.0088 0.0000e+00
      2.089    11.5377   3.650879    32.0102 0.0000e+00
      2.131    11.5369   3.650910    32.0111 0.0000e+00
      2.175    11.5362   3.650909    32.0117 0.0000e+00
      2.216    11.5359   3.650973    32.0126 0.0000e+00
      2.255    11.5358   3.650956    32.0125 0.0000e+00
      2.284    11.5358   3.650978    32.0127 0.0000e+00
      2.309    11.5360   3.650980    32.0125 0.0000e+00
      2.320    11.5361   3.650989    32.0125 0.0000e+00
      2.322    11.5363   3.650971    32.0122 0.0000e+00
      2.314    11.5366   3.650737    32.0096 0.0000e+00
      2.302    11.5367   3.650674    32.0089 0.0000e+00
      2.278    11.5364   3.650619    32.0087 0.0000e+00
      2.262    11.5359   3.650621    32.0091 0.0000e+00
      2.249    11.5354   3.650567    32.0090 0.0000e+00
      2.247    11.5347   3.650647    32.0104 0.0000e+00
      2.264    11.5336   3.650618    32.0111 0.0000e+00
      2.333    11.5323   3.650655    32.0126 0.0000e+00
      2.418    11.5312   3.650606    32.0130 0.0000e+00
      2.516    11.5300   3.650652    32.0144 0.0000e+00
      2.593    11.5287   3.650693    32.0159 0.0000e+00
      2.636    11.5275   3.650680    32.0168 0.0000e+00
      2.644    11.5267   3.650665    32.0174 0.0000e+00
      2.604    11.5262   3.650605    32.0172 0.0000e+00
      2.533    11.5260   3.650567    32.0171 0.0000e+00
      2.440    11.5259   3.650461    32.0162 0.0000e+00
      2.333    11.5260   3.650304    32.0146 0.0000e+00
      2.240    11.5262   3.650234    32.0138 0.0000e+00
      2.154    11.5264   3.650151    32.0128 0.0000e+00
      2.093    11.5264   3.650008    32.0114 0.0000e+00
      2.058    11.5260   3.649898    32.0107 0.0000e+00
      2.049    11.5256   3.649810    32.0102 0.0000e+00
      2.071    11.5256   3.649830    32.0104 0.0000e+00
      2.116    11.5260   3.649753    32.0093 0.0000e+00
      2.169    11.5265   3.649753    32.0088 0.0000e+00
      2.220    11.5267   3.649829    32.0094 0.0000e+00
      2.263    11.5268   3.649833    32.0093 0.0000e+00
      2.302    11.5266   3.649847    32.0096 0.0000e+00
      2.323    11.5263   3.649865    32.0100 0.0000e+00
      2.352    11.5258   3.649873    32.0105 0.0000e+00
      2.383    11.5253   3.649776    32.0100 0.0000e+00
      2.416    11.5254   3.649762    32.0098 0.0000e+00
      2.442    11.5256   3.649776    32.0097 0.0000e+00
      2.443    11.5258   3.649848    32.0103 0.0000e+00
      2.431    11.5259   3.649906    32.0107 0.0000e+00
      2.416    11.5256   3.649879    32.0107 0.0000e+00
      2.382    11.5246   3.649876    32.0116 0.0000e+00
      2.345    11.5225   3.649854    32.0132 0.0000e+00
      2.289    11.5206   3.649781    32.0142 0.0000e+00
      2.238    11.5203   3.649722    32.0139 0.0000e+00
      2.220    11.5207   3.649645    32.0128 0.0000e+00
      2.229    11.5212   3.649754    32.0134 0.0000e+00
      2.247    11.5219   3.649762    32.0129 0.0000e+00
      2.271    11.5231   3.649795    32.0121 0.0000e+00
      2.296    11.5238   3.649828    32.0119 0.0000e+00
      2.318    11.5236   3.649754    32.0113 0.0000e+00
      2.338    11.5232   3.649705    32.0112 0.0000e+00
      2.376    11.5234   3.649336    32.0074 0.0000e+00
      2.472    11.5240   3.649198    32.0055 0.0000e+00
      2.629    11.5242   3.649361    32.0068 0.0000e+00
      2.816    11.5244   3.649278    32.0058 0.0000e+00
      3.014    11.5248   3.648774    32.0004 0.0000e+00
      3.205    11.5252   3.649561    32.0077 0.0000e+00
      3.387    11.5253   3.649716    32.0090 0.0000e+00
      3.563    11.5252   3.649814    32.0100 0.0000e+00
      3.743    11.5252   3.649672    32.0085 0.0000e+00
      3.918    11.5250   3.649610    32.0080 0.0000e+00
      4.094    11.5252   3.649700    32.0087 0.0000e+00
      4.269    11.5259   3.649838    32.0093 0.0000e+00
      4.445    11.5265   3.649826    32.0086 0.0000e+00
      4.642    11.5267   3.649814    32.0082 0.0000e+00
      4.833    11.5268   3.649864    32.0086 0.0000e+00
      5.020    11.5269   3.649905    32.0088 0.0000e+00
      5.196    11.5272   3.649894    32.0084 0.0000e+00
      5.365    11.5272   3.649932    32.0087 0.0000e+00
      5.516    11.5223   3.649856    32.0121 0.0000e+00
      5.673    11.4988   3.649791    32.0317 0.0000e+00
      5.836    11.4605   3.649659    32.0636 0.0000e+00
      6.027    11.4340   3.649694    32.0868 0.0000e+00
      6.231    11.4078   3.649707    32.1096 0.0000e+00
      6.476    11.3609   3.649483    32.1481 0.0000e+00
      6.760    11.2953   3.649289    32.2033 0.0000e+00
      7.075    11.2244   3.649073    32.2630 0.0000e+00
      7.398    11.1700   3.648991    32.3098 0.0000e+00
      7.747    11.1408   3.648946    32.3348 0.0000e+00
