data/input/seabird/2016_223_005846Reprocessed.cnv
* Sea-Bird SBE19Plus V2+ Data File:
* FileName = c:\velocity\CATFILES\\2016_223_005846.HEX
* Software Version 15.13(r5684)
* Temperature SN = 6122
* Conductivity SN = 6122
* System UpLoad Time = Aug 09 2016 17:12:31
* DS
* SBE 19plus V 2.5.2  SERIAL NO. 6122    10 Aug 2016 01:12:39
# nquan = 5                                 
# nvalues = 1589                        
# units = specified
# name 0 = prdM: Pressure, Strain Gauge [db]
# name 1 = tv290C: Temperature [ITS-90, deg C]
# name 2 = c0S/m: Conductivity [S/m]
# name 3 = sal00: Salinity, Practical [PSU]
# name 4 = flag: flag
# span 0 =      0.001,    174.053       
# span 1 =     6.0468,    13.3014       
# span 2 =  -0.005462,   3.672212       
# span 3 =     0.0000,    32.8214       
# span 4 = 0.0000e+00, 0.0000e+00       
# interval = seconds: 0.25
# start_time = Aug 09 2016 17:12:31 [System UpLoad Time]
# bad_flag = -9.990e-29
*END*
      0.008    13.1383   0.000101     0.0069 0.0000e+00
      0.008    13.1302   0.000060     0.0068 0.0000e+00
      0.010    13.1241   0.000042     0.0068 0.0000e+00
      0.006    13.1199   0.000018     0.0068 0.0000e+00
      0.008    13.1177   0.000021     0.0068 0.0000e+00
      0.008    13.1187   0.000021     0.0068 0.0000e+00
      0.004    13.1243   0.000041     0.0068 0.0000e+00
      0.010    13.1326   0.000086     0.0068 0.0000e+00
      0.006    13.1418   0.000118     0.0069 0.0000e+00
      0.006    13.1501   0.000143     0.0070 0.0000e+00
      0.006    13.1543   0.000157     0.0070 0.0000e+00
      0.008    13.1533   0.000146     0.0070 0.0000e+00
      0.006    13.1502   0.000138     0.0070 0.0000e+00
      0.008    13.1471   0.000124     0.0069 0.0000e+00
      0.006    13.1467   0.000121     0.0069 0.0000e+00
      0.008    13.1490   0.000137     0.0070 0.0000e+00
      0.010    13.1544   0.000150     0.0070 0.0000e+00
      0.008    13.1622   0.000185     0.0071 0.0000e+00
      0.004    13.1673   0.000206     0.0072 0.0000e+00
      0.006    13.1652   0.000190     0.0072 0.0000e+00
      0.003    13.1602   0.000171     0.0071 0.0000e+00
      0.010    13.1581   0.000148     0.0070 0.0000e+00
      0.010    13.1591   0.000159     0.0071 0.0000e+00
      0.004    13.1640   0.000177     0.0071 0.0000e+00
      0.008    13.1741   0.000211     0.0072 0.0000e+00
      0.006    13.1852   0.000250     0.0074 0.0000e+00
      0.004    13.1948   0.000276     0.0075 0.0000e+00
      0.008    13.2020   0.000302     0.0076 0.0000e+00
      0.006    13.2078   0.000308     0.0076 0.0000e+00
      0.008    13.2125   0.000324     0.0077 0.0000e+00
      0.006    13.2125   0.000321     0.0077 0.0000e+00
      0.008    13.2102   0.000295     0.0076 0.0000e+00
      0.010    13.2095   0.000296     0.0076 0.0000e+00
      0.008    13.2124   0.000301     0.0076 0.0000e+00
      0.008    13.2170   0.000313     0.0076 0.0000e+00
      0.008    13.2220   0.000327     0.0077 0.0000e+00
      0.003    13.2261   0.000335     0.0077 0.0000e+00
      0.004    13.2311   0.000349     0.0078 0.0000e+00
      0.006    13.2358   0.000374     0.0079 0.0000e+00
      0.004    13.2406   0.000366     0.0079 0.0000e+00
      0.006    13.2455   0.000370     0.0079 0.0000e+00
      0.008    13.2485   0.000380     0.0079 0.0000e+00
      0.008    13.2519   0.000389     0.0080 0.0000e+00
      0.006    13.2562   0.000390     0.0080 0.0000e+00
      0.006    13.2598   0.000396     0.0080 0.0000e+00
      0.006    13.2631   0.000398     0.0080 0.0000e+00
      0.006    13.2660   0.000400     0.0080 0.0000e+00
      0.008    13.2688   0.000396     0.0080 0.0000e+00
      0.004    13.2706   0.000400     0.0080 0.0000e+00
      0.004    13.2707   0.000390     0.0080 0.0000e+00
      0.004    13.2699   0.000376     0.0079 0.0000e+00
      0.006    13.2704   0.000369     0.0079 0.0000e+00
      0.006    13.2723   0.000364     0.0079 0.0000e+00
      0.004    13.2752   0.000374     0.0079 0.0000e+00
      0.004    13.2784   0.000378     0.0079 0.0000e+00
      0.004    13.2822   0.000387     0.0080 0.0000e+00
      0.004    13.2849   0.000380     0.0079 0.0000e+00
      0.001    13.2863   0.000380     0.0079 0.0000e+00
      0.006    13.2889   0.000379     0.0079 0.0000e+00
      0.004    13.2912   0.000379     0.0079 0.0000e+00
      0.004    13.2929   0.000377     0.0079 0.0000e+00
      0.006    13.2943   0.000373     0.0079 0.0000e+00
      0.008    13.2949   0.000368     0.0079 0.0000e+00
      0.004    13.2953   0.000362     0.0079 0.0000e+00
      0.003    13.2956   0.000354     0.0078 0.0000e+00
      0.004    13.2967   0.000352     0.0078 0.0000e+00
      0.006    13.2991   0.000354     0.0078 0.0000e+00
      0.004    13.3012   0.000353     0.0078 0.0000e+00
      0.006    13.3014   0.000344     0.0078 0.0000e+00
      0.006    13.3000   0.000329     0.0077 0.0000e+00
      0.008    13.2999   0.000316     0.0077 0.0000e+00
      0.010    13.2919   0.000288     0.0076 0.0000e+00
      0.004    13.0914  -0.000477     0.0000 0.0000e+00
      0.006    12.5725  -0.002412     0.0000 0.0000e+00
      0.004    12.0762  -0.004196     0.0000 0.0000e+00
      0.008    11.8014  -0.005091     0.0000 0.0000e+00
      0.004    11.6710  -0.005420     0.0000 0.0000e+00
      0.004    11.6152  -0.005462     0.0000 0.0000e+00
      0.006    11.5980  -0.005348     0.0000 0.0000e+00
      0.006    11.6024  -0.005175     0.0000 0.0000e+00
      0.004    11.6193  -0.004945     0.0000 0.0000e+00
      0.008    11.6422  -0.004704     0.0000 0.0000e+00
      0.008    11.6597   0.694877     5.2500 0.0000e+00
      0.006    11.6631   3.512728    30.5647 0.0000e+00
      0.008    11.6527   3.599241    31.4106 0.0000e+00
      0.008    11.6349   3.624422    31.6701 0.0000e+00
      0.206    11.6160   3.638724    31.8251 0.0000e+00
      0.548    11.5981   3.647213    31.9230 0.0000e+00
      0.872    11.5844   3.651080    31.9723 0.0000e+00
      1.130    11.5792   3.651125    31.9771 0.0000e+00
      1.306    11.5779   3.647663    31.9444 0.0000e+00
      1.444    11.5748   3.646171    31.9325 0.0000e+00
      1.528    11.5765   3.622788    31.7035 0.0000e+00
      1.550    11.5946   3.649119    31.9441 0.0000e+00
      1.455    11.6244   3.658764    32.0123 0.0000e+00
      1.281    11.6461   3.637709    31.7890 0.0000e+00
      1.083    11.6591   3.607581    31.4856 0.0000e+00
      0.879    11.6609   3.643433    31.8321 0.0000e+00
      0.737    11.6458   3.641940    31.8306 0.0000e+00
      0.695    11.6216   3.653827    31.9670 0.0000e+00
      0.753    11.6015   3.657205    32.0172 0.0000e+00
      0.866    11.5900   3.659434    32.0488 0.0000e+00
      0.992    11.5851   3.661902    32.0770 0.0000e+00
      1.123    11.5857   3.661005    32.0677 0.0000e+00
      1.264    11.5946   3.660989    32.0598 0.0000e+00
      1.401    11.6062   3.662373    32.0632 0.0000e+00
      1.506    11.6126   3.664833    32.0815 0.0000e+00
      1.575    11.6098   3.666074    32.0960 0.0000e+00
      1.612    11.6021   3.661758    32.0607 0.0000e+00
      1.619    11.5962   3.655405    32.0039 0.0000e+00
      1.608    11.5917   3.654154    31.9956 0.0000e+00
      1.597    11.5887   3.656469    32.0207 0.0000e+00
      1.612    11.5887   3.663016    32.0845 0.0000e+00
      1.652    11.5890   3.665101    32.1045 0.0000e+00
      1.706    11.5873   3.666627    32.1209 0.0000e+00
      1.748    11.5865   3.667342    32.1285 0.0000e+00
      1.770    11.5929   3.665796    32.1079 0.0000e+00
      1.783    11.6119   3.662973    32.0639 0.0000e+00
      1.779    11.6329   3.659699    32.0139 0.0000e+00
      1.763    11.6453   3.656513    31.9723 0.0000e+00
      1.746    11.6501   3.655217    31.9555 0.0000e+00
      1.746    11.6529   3.655129    31.9523 0.0000e+00
      1.781    11.6532   3.656756    31.9678 0.0000e+00
      1.844    11.6506   3.659135    31.9931 0.0000e+00
      1.946    11.6497   3.660422    32.0064 0.0000e+00
      2.043    11.6508   3.663949    32.0397 0.0000e+00
      2.141    11.6459   3.666565    32.0693 0.0000e+00
      2.241    11.6375   3.667694    32.0875 0.0000e+00
      2.333    11.6349   3.668561    32.0982 0.0000e+00
      2.397    11.6364   3.668510    32.0964 0.0000e+00
      2.432    11.6350   3.666730    32.0802 0.0000e+00
      2.457    11.6263   3.666692    32.0874 0.0000e+00
      2.474    11.6127   3.669206    32.1236 0.0000e+00
      2.492    11.6002   3.670671    32.1487 0.0000e+00
      2.504    11.5912   3.671150    32.1612 0.0000e+00
      2.499    11.5828   3.671241    32.1694 0.0000e+00
      2.488    11.5748   3.670222    32.1664 0.0000e+00
      2.474    11.5692   3.669248    32.1618 0.0000e+00
      2.443    11.5655   3.670206    32.1743 0.0000e+00
      2.403    11.5624   3.671674    32.1914 0.0000e+00
      2.343    11.5594   3.672212    32.1992 0.0000e+00
      2.266    11.5572   3.669389    32.1737 0.0000e+00
      2.194    11.5565   3.664818    32.1297 0.0000e+00
      2.106    11.5600   3.659574    32.0756 0.0000e+00
      2.024    11.5722   3.655620    32.0266 0.0000e+00
      1.955    11.5889   3.653651    31.9930 0.0000e+00
      1.917    11.5998   3.652917    31.9765 0.0000e+00
      1.917    11.6029   3.651848    31.9634 0.0000e+00
      1.955    11.5980   3.651762    31.9667 0.0000e+00
      2.033    11.5890   3.651616    31.9731 0.0000e+00
      2.172    11.5797   3.651779    31.9826 0.0000e+00
      2.326    11.5713   3.651888    31.9909 0.0000e+00
      2.503    11.5652   3.653213    32.0090 0.0000e+00
      2.646    11.5608   3.656398    32.0437 0.0000e+00
      2.735    11.5580   3.656594    32.0480 0.0000e+00
      2.775    11.5573   3.656540    32.0481 0.0000e+00
      2.759    11.5584   3.657157    32.0532 0.0000e+00
      2.699    11.5619   3.657371    32.0523 0.0000e+00
      2.588    11.5740   3.656325    32.0316 0.0000e+00
      2.433    11.5932   3.654202    31.9944 0.0000e+00
      2.253    11.6094   3.652759    31.9665 0.0000e+00
      2.093    11.6195   3.652163    31.9521 0.0000e+00
      1.997    11.6218   3.651771    31.9463 0.0000e+00
      1.970    11.6161   3.651624    31.9498 0.0000e+00
      1.997    11.6046   3.651717    31.9606 0.0000e+00
      2.061    11.5929   3.652352    31.9768 0.0000e+00
      2.148    11.5832   3.654345    32.0046 0.0000e+00
      2.235    11.5764   3.657546    32.0416 0.0000e+00
      2.315    11.5738   3.658069    32.0489 0.0000e+00
      2.368    11.5762   3.658461    32.0506 0.0000e+00
      2.393    11.5879   3.658687    32.0427 0.0000e+00
      2.392    11.6080   3.659145    32.0298 0.0000e+00
      2.359    11.6247   3.659191    32.0158 0.0000e+00
      2.308    11.6351   3.658052    31.9958 0.0000e+00
      2.246    11.6402   3.656489    31.9762 0.0000e+00
      2.208    11.6417   3.654275    31.9534 0.0000e+00
      2.202    11.6423   3.653293    31.9434 0.0000e+00
      2.241    11.6418   3.653471    31.9455 0.0000e+00
      2.312    11.6357   3.655037    31.9660 0.0000e+00
      2.404    11.6210   3.658025    32.0077 0.0000e+00
      2.492    11.6036   3.658463    32.0269 0.0000e+00
      2.557    11.5868   3.658501    32.0418 0.0000e+00
      2.606    11.5729   3.658056    32.0495 0.0000e+00
      2.630    11.5632   3.657752    32.0549 0.0000e+00
      2.623    11.5584   3.657901    32.0605 0.0000e+00
      2.575    11.5575   3.658218    32.0644 0.0000e+00
      2.513    11.5582   3.658809    32.0696 0.0000e+00
      2.415    11.5622   3.658910    32.0671 0.0000e+00
      2.302    11.5715   3.658242    32.0526 0.0000e+00
      2.175    11.5830   3.656606    32.0268 0.0000e+00
      2.050    11.5932   3.653539    31.9881 0.0000e+00
      1.953    11.5992   3.652263    31.9706 0.0000e+00
      1.917    11.6002   3.651701    31.9643 0.0000e+00
      1.930    11.5981   3.651589    31.9650 0.0000e+00
      1.995    11.5934   3.651993    31.9729 0.0000e+00
      2.086    11.5870   3.653805    31.9961 0.0000e+00
      2.179    11.5826   3.656919    32.0302 0.0000e+00
      2.255    11.5824   3.657763    32.0385 0.0000e+00
      2.317    11.5835   3.658599    32.0457 0.0000e+00
      2.364    11.5868   3.659108    32.0478 0.0000e+00
      2.390    11.5979   3.659479    32.0418 0.0000e+00
      2.402    11.6130   3.659569    32.0296 0.0000e+00
      2.404    11.6259   3.659151    32.0144 0.0000e+00
      2.400    11.6340   3.658296    31.9991 0.0000e+00
      2.397    11.6374   3.657526    31.9887 0.0000e+00
      2.397    11.6354   3.657162    31.9868 0.0000e+00
      2.408    11.6260   3.657280    31.9961 0.0000e+00
      2.431    11.6111   3.658473    32.0206 0.0000e+00
      2.466    11.5961   3.660139    32.0497 0.0000e+00
      2.497    11.5835   3.660341    32.0626 0.0000e+00
      2.513    11.5743   3.660657    32.0736 0.0000e+00
      2.513    11.5697   3.660795    32.0789 0.0000e+00
      2.495    11.5677   3.660956    32.0823 0.0000e+00
      2.457    11.5662   3.661224    32.0862 0.0000e+00
      2.400    11.5692   3.661353    32.0849 0.0000e+00
      2.331    11.5782   3.660762    32.0713 0.0000e+00
      2.253    11.5888   3.659233    32.0473 0.0000e+00
      2.188    11.5955   3.657003    32.0198 0.0000e+00
      2.137    11.5947   3.654303    31.9943 0.0000e+00
      2.115    11.5878   3.652398    31.9817 0.0000e+00
      2.117    11.5802   3.651730    31.9817 0.0000e+00
      2.155    11.5746   3.652431    31.9934 0.0000e+00
      2.208    11.5720   3.654928    32.0199 0.0000e+00
      2.268    11.5718   3.657565    32.0458 0.0000e+00
      2.317    11.5713   3.658201    32.0524 0.0000e+00
      2.339    11.5720   3.659029    32.0598 0.0000e+00
      2.337    11.5766   3.659016    32.0557 0.0000e+00
      2.324    11.5825   3.657824    32.0390 0.0000e+00
      2.293    11.5859   3.655616    32.0146 0.0000e+00
      2.266    11.5848   3.653411    31.9941 0.0000e+00
      2.248    11.5809   3.652208    31.9857 0.0000e+00
      2.253    11.5762   3.652131    31.9890 0.0000e+00
      2.279    11.5725   3.652749    31.9982 0.0000e+00
      2.313    11.5696   3.654448    32.0173 0.0000e+00
      2.339    11.5676   3.656614    32.0401 0.0000e+00
      2.362    11.5662   3.657675    32.0516 0.0000e+00
      2.377    11.5652   3.658695    32.0624 0.0000e+00
      2.384    11.5641   3.658510    32.0616 0.0000e+00
      2.388    11.5625   3.657196    32.0502 0.0000e+00
      2.382    11.5605   3.655893    32.0392 0.0000e+00
      2.379    11.5587   3.654906    32.0311 0.0000e+00
      2.362    11.5582   3.654124    32.0240 0.0000e+00
      2.328    11.5589   3.653203    32.0144 0.0000e+00
      2.293    11.5636   3.652317    32.0017 0.0000e+00
      2.244    11.5786   3.651570    31.9815 0.0000e+00
      2.191    11.5978   3.651066    31.9601 0.0000e+00
      2.146    11.6116   3.650811    31.9457 0.0000e+00
      2.120    11.6200   3.650734    31.9377 0.0000e+00
      2.126    11.6240   3.650713    31.9341 0.0000e+00
      2.164    11.6222   3.650571    31.9342 0.0000e+00
      2.222    11.6122   3.650594    31.9430 0.0000e+00
      2.300    11.5978   3.651161    31.9609 0.0000e+00
      2.386    11.5845   3.653368    31.9939 0.0000e+00
      2.473    11.5742   3.656130    32.0296 0.0000e+00
      2.559    11.5670   3.657280    32.0470 0.0000e+00
      2.619    11.5615   3.656782    32.0469 0.0000e+00
      2.657    11.5573   3.656090    32.0438 0.0000e+00
      2.662    11.5545   3.655798    32.0433 0.0000e+00
      2.631    11.5531   3.655423    32.0409 0.0000e+00
      2.555    11.5532   3.654733    32.0341 0.0000e+00
      2.455    11.5539   3.654398    32.0303 0.0000e+00
      2.324    11.5575   3.652446    32.0082 0.0000e+00
      2.182    11.5661   3.650684    31.9837 0.0000e+00
      2.044    11.5747   3.649968    31.9693 0.0000e+00
      1.922    11.5812   3.649630    31.9605 0.0000e+00
      1.842    11.5854   3.649473    31.9554 0.0000e+00
      1.809    11.5878   3.649332    31.9520 0.0000e+00
      1.829    11.5889   3.649523    31.9529 0.0000e+00
      1.895    11.5888   3.649887    31.9565 0.0000e+00
      1.980    11.5901   3.650787    31.9641 0.0000e+00
      2.080    11.5939   3.652496    31.9774 0.0000e+00
      2.180    11.5976   3.653330    31.9823 0.0000e+00
      2.259    11.5988   3.653751    31.9853 0.0000e+00
      2.319    11.5954   3.653931    31.9900 0.0000e+00
      2.368    11.5872   3.654090    31.9986 0.0000e+00
      2.408    11.5778   3.654240    32.0081 0.0000e+00
      2.449    11.5691   3.654442    32.0176 0.0000e+00
      2.484    11.5618   3.654713    32.0265 0.0000e+00
      2.528    11.5564   3.654708    32.0311 0.0000e+00
      2.571    11.5527   3.654306    32.0304 0.0000e+00
      2.606    11.5502   3.654069    32.0302 0.0000e+00
      2.628    11.5487   3.654462    32.0354 0.0000e+00
      2.622    11.5477   3.654384    32.0355 0.0000e+00
      2.595    11.5469   3.653635    32.0289 0.0000e+00
      2.544    11.5465   3.652478    32.0180 0.0000e+00
