data/input/seabird/2016_223_005846.cnv
* Sea-Bird SBE19Plus V2+ Data File:
* FileName = c:\velocity\CATFILES\\2016_223_005846.HEX
* Software Version 15.13(r5684)
* Temperature SN = 6122
* Conductivity SN = 6122
* System UpLoad Time = Aug 09 2016 17:12:31
* DS
* SBE 19plus V 2.5.2  SERIAL NO. 6122    10 Aug 2016 01:12:39
# nquan = 10                                
# nvalues = 2764                        
# units = specified
# name 0 = prdM: Pressure, Strain Gauge [db]
# name 1 = c0S/m: Conductivity [S/m]
# name 2 = tv290C: Temperature [ITS-90, deg C]
# name 3 = depSM: Depth [salt water, m], lat = 39.00
# name 4 = svCM: Sound Velocity [Chen-Millero, m/s]
# name 5 = sal00: Salinity, Practical [PSU]
# name 6 = sal00: Salinity, Practical [PSU]
# name 7 = sigma-é00: Density [sigma-theta, kg/m^3]
# name 8 = svCM: Sound Velocity [Chen-Millero, m/s]
# name 9 = flag: flag
# span 0 =      0.000,    174.053       
# span 1 =   0.000082,   3.673676       
# span 2 =     6.0463,    13.3019       
# span 3 =      0.000,    172.663       
# span 4 =    1449.39,    1494.19       
# span 5 =     0.0068,    32.8078       
# span 6 =     0.0068,    32.8077       
# span 7 =    -0.6546,    25.8166       
# span 8 =    1449.39,    1494.19       
# span 9 = 0.0000e+00, 0.0000e+00       
# interval = seconds: 0.25
# start_time = Aug 09 2016 17:12:31 [System UpLoad Time]
# bad_flag = -9.990e-29
*END*
[from data line 1874]
     91.773   3.274229     6.4478     91.058    1475.11    32.6909    32.6909    25.6733    1475.11 0.0000e+00
     91.360   3.274274     6.4473     90.648    1475.10    32.6921    32.6921    25.6743    1475.10 0.0000e+00
     90.941   3.274293     6.4474     90.233    1475.09    32.6924    32.6924    25.6745    1475.09 0.0000e+00
     90.542   3.274312     6.4480     89.837    1475.09    32.6922    32.6922    25.6743    1475.09 0.0000e+00
     90.149   3.274312     6.4485     89.447    1475.08    32.6919    32.6919    25.6740    1475.08 0.0000e+00
     89.771   3.274350     6.4490     89.072    1475.08    32.6921    32.6921    25.6741    1475.08 0.0000e+00
     89.416   3.274459     6.4496     88.720    1475.08    32.6929    32.6929    25.6746    1475.08 0.0000e+00
     89.076   3.274491     6.4506     88.382    1475.08    32.6924    32.6924    25.6741    1475.08 0.0000e+00
     88.758   3.274568     6.4517     88.067    1475.08    32.6924    32.6924    25.6740    1475.08 0.0000e+00
     88.457   3.274728     6.4525     87.769    1475.07    32.6935    32.6935    25.6748    1475.07 0.0000e+00
     88.168   3.275054     6.4542     87.482    1475.08    32.6956    32.6956    25.6762    1475.08 0.0000e+00
     87.893   3.275367     6.4576     87.209    1475.09    32.6960    32.6960    25.6760    1475.09 0.0000e+00
     87.631   3.275546     6.4617     86.949    1475.10    32.6942    32.6942    25.6741    1475.10 0.0000e+00
     87.382   3.275706     6.4656     86.702    1475.11    32.6923    32.6923    25.6721    1475.11 0.0000e+00
     87.120   3.275905     6.4690     86.442    1475.12    32.6914    32.6914    25.6710    1475.12 0.0000e+00
     86.841   3.276039     6.4723     86.166    1475.12    32.6899    32.6899    25.6693    1475.12 0.0000e+00
     86.547   3.276128     6.4751     85.873    1475.13    32.6883    32.6883    25.6677    1475.13 0.0000e+00
     86.239   3.276403     6.4775     85.568    1475.13    32.6892    32.6892    25.6681    1475.13 0.0000e+00
     85.924   3.276653     6.4805     85.256    1475.14    32.6892    32.6892    25.6678    1475.14 0.0000e+00
     85.593   3.276845     6.4844     84.927    1475.15    32.6878    32.6878    25.6661    1475.15 0.0000e+00
     85.262   3.277030     6.4880     84.599    1475.15    32.6865    32.6865    25.6647    1475.15 0.0000e+00
     84.929   3.277203     6.4914     84.268    1475.16    32.6854    32.6854    25.6633    1475.16 0.0000e+00
     84.599   3.277305     6.4942     83.942    1475.16    32.6840    32.6840    25.6619    1475.16 0.0000e+00
     84.277   3.277388     6.4968     83.622    1475.17    32.6825    32.6826    25.6604    1475.17 0.0000e+00
     83.961   3.277484     6.4989     83.308    1475.17    32.6817    32.6818    25.6595    1475.17 0.0000e+00
     83.649   3.277599     6.5008     82.999    1475.17    32.6814    32.6814    25.6589    1475.17 0.0000e+00
     83.349   3.277766     6.5025     82.701    1475.17    32.6818    32.6817    25.6590    1475.17 0.0000e+00
     83.067   3.277919     6.5046     82.422    1475.18    32.6815    32.6815    25.6586    1475.18 0.0000e+00
     82.820   3.278041     6.5070     82.176    1475.18    32.6807    32.6807    25.6576    1475.18 0.0000e+00
     82.587   3.278150     6.5093     81.945    1475.19    32.6799    32.6798    25.6566    1475.19 0.0000e+00
     82.376   3.278188     6.5111     81.736    1475.19    32.6787    32.6786    25.6555    1475.19 0.0000e+00
     82.181   3.278265     6.5125     81.543    1475.19    32.6782    32.6782    25.6550    1475.19 0.0000e+00
     81.997   3.278297     6.5137     81.360    1475.19    32.6775    32.6775    25.6543    1475.19 0.0000e+00
     81.806   3.278444     6.5151     81.171    1475.19    32.6779    32.6779    25.6544    1475.19 0.0000e+00
     81.617   3.278489     6.5166     80.983    1475.19    32.6771    32.6771    25.6535    1475.20 0.0000e+00
     81.417   3.278661     6.5182     80.784    1475.20    32.6776    32.6775    25.6537    1475.20 0.0000e+00
     81.197   3.278757     6.5199     80.566    1475.20    32.6771    32.6771    25.6531    1475.20 0.0000e+00
     80.942   3.278949     6.5218     80.313    1475.20    32.6775    32.6775    25.6532    1475.21 0.0000e+00
     80.649   3.279064     6.5243     80.023    1475.21    32.6765    32.6765    25.6521    1475.21 0.0000e+00
     80.321   3.279179     6.5268     79.698    1475.21    32.6756    32.6756    25.6510    1475.21 0.0000e+00
     79.972   3.279263     6.5288     79.351    1475.21    32.6748    32.6747    25.6501    1475.21 0.0000e+00
     79.601   3.279371     6.5308     78.983    1475.21    32.6742    32.6742    25.6494    1475.21 0.0000e+00
     79.219   3.279442     6.5325     78.604    1475.21    32.6736    32.6735    25.6487    1475.21 0.0000e+00
     78.840   3.279563     6.5341     78.228    1475.21    32.6735    32.6735    25.6484    1475.21 0.0000e+00
     78.464   3.279627     6.5355     77.855    1475.21    32.6731    32.6731    25.6479    1475.21 0.0000e+00
     78.109   3.279742     6.5370     77.503    1475.21    32.6731    32.6731    25.6477    1475.21 0.0000e+00
     77.783   3.279921     6.5386     77.180    1475.21    32.6737    32.6737    25.6480    1475.21 0.0000e+00
     77.477   3.280184     6.5407     76.876    1475.22    32.6747    32.6747    25.6485    1475.22 0.0000e+00
     77.206   3.280952     6.5440     76.607    1475.23    32.6802    32.6802    25.6524    1475.23 0.0000e+00
     76.964   3.281560     6.5507     76.367    1475.26    32.6807    32.6806    25.6519    1475.26 0.0000e+00
     76.735   3.282098     6.5593     76.140    1475.28    32.6785    32.6785    25.6491    1475.28 0.0000e+00
     76.522   3.282604     6.5681     75.929    1475.31    32.6757    32.6757    25.6458    1475.31 0.0000e+00
     76.298   3.283424     6.5766     75.707    1475.34    32.6767    32.6768    25.6455    1475.34 0.0000e+00
     76.073   3.283469     6.5857     75.483    1475.37    32.6687    32.6687    25.6379    1475.37 0.0000e+00
     75.849   3.283981     6.5926     75.261    1475.39    32.6678    32.6678    25.6364    1475.39 0.0000e+00
     75.609   3.284269     6.5993     75.023    1475.41    32.6647    32.6647    25.6331    1475.41 0.0000e+00
     75.361   3.284487     6.6049     74.777    1475.42    32.6619    32.6619    25.6301    1475.42 0.0000e+00
     75.094   3.284717     6.6094     74.512    1475.43    32.6603    32.6603    25.6283    1475.43 0.0000e+00
     74.808   3.284884     6.6136     74.228    1475.44    32.6582    32.6582    25.6261    1475.44 0.0000e+00
     74.510   3.285326     6.6172     73.932    1475.45    32.6598    32.6598    25.6269    1475.45 0.0000e+00
     74.210   3.285665     6.6222     73.634    1475.47    32.6589    32.6589    25.6255    1475.47 0.0000e+00
     73.909   3.286146     6.6280     73.337    1475.48    32.6589    32.6588    25.6247    1475.48 0.0000e+00
     73.622   3.286620     6.6344     73.051    1475.50    32.6581    32.6581    25.6233    1475.50 0.0000e+00
     73.345   3.286991     6.6414     72.777    1475.52    32.6556    32.6556    25.6204    1475.52 0.0000e+00
     73.082   3.287254     6.6477     72.515    1475.54    32.6526    32.6527    25.6173    1475.54 0.0000e+00
     72.810   3.287670     6.6531     72.246    1475.56    32.6522    32.6522    25.6162    1475.56 0.0000e+00
     72.536   3.288183     6.6588     71.974    1475.57    32.6526    32.6526    25.6158    1475.57 0.0000e+00
     72.254   3.288760     6.6655     71.694    1475.60    32.6526    32.6527    25.6150    1475.60 0.0000e+00
     71.957   3.289555     6.6735     71.400    1475.62    32.6539    32.6539    25.6149    1475.62 0.0000e+00
     71.659   3.289965     6.6830     71.104    1475.65    32.6496    32.6495    25.6102    1475.65 0.0000e+00
     71.340   3.290522     6.6921     70.788    1475.68    32.6471    32.6471    25.6071    1475.68 0.0000e+00
     71.004   3.290939     6.7005     70.454    1475.70    32.6439    32.6439    25.6035    1475.70 0.0000e+00
     70.653   3.291381     6.7083     70.106    1475.72    32.6415    32.6415    25.6006    1475.72 0.0000e+00
     70.303   3.291682     6.7152     69.759    1475.74    32.6384    32.6384    25.5972    1475.74 0.0000e+00
     69.958   3.291945     6.7213     69.416    1475.76    32.6357    32.6356    25.5943    1475.76 0.0000e+00
     69.599   3.292233     6.7264     69.061    1475.77    32.6342    32.6341    25.5924    1475.77 0.0000e+00
     69.246   3.292426     6.7310     68.710    1475.78    32.6320    32.6320    25.5901    1475.78 0.0000e+00
     68.904   3.292592     6.7349     68.371    1475.79    32.6303    32.6303    25.5883    1475.79 0.0000e+00
     68.569   3.292740     6.7379     68.039    1475.79    32.6292    32.6292    25.5870    1475.79 0.0000e+00
     68.227   3.293111     6.7410     67.700    1475.80    32.6305    32.6305    25.5876    1475.80 0.0000e+00
     67.907   3.293438     6.7448     67.382    1475.81    32.6306    32.6307    25.5872    1475.81 0.0000e+00
     67.607   3.293977     6.7497     67.084    1475.82    32.6321    32.6321    25.5877    1475.83 0.0000e+00
     67.296   3.294413     6.7556     66.775    1475.84    32.6314    32.6314    25.5864    1475.84 0.0000e+00
     67.003   3.294714     6.7622     66.485    1475.86    32.6285    32.6285    25.5833    1475.86 0.0000e+00
     66.686   3.295073     6.7682     66.171    1475.88    32.6270    32.6269    25.5812    1475.88 0.0000e+00
     66.350   3.295664     6.7737     65.837    1475.89    32.6284    32.6284    25.5816    1475.89 0.0000e+00
     65.997   3.296626     6.7809     65.487    1475.92    32.6322    32.6322    25.5837    1475.92 0.0000e+00
     65.631   3.297010     6.7905     65.124    1475.95    32.6275    32.6275    25.5787    1475.95 0.0000e+00
     65.256   3.297389     6.7994     64.752    1475.97    32.6233    32.6234    25.5743    1475.97 0.0000e+00
     64.863   3.297716     6.8069     64.362    1475.99    32.6200    32.6200    25.5707    1475.99 0.0000e+00
     64.463   3.298261     6.8134     63.965    1476.01    32.6200    32.6200    25.5698    1476.01 0.0000e+00
     64.081   3.298864     6.8203     63.586    1476.03    32.6203    32.6202    25.5691    1476.03 0.0000e+00
     63.723   3.299300     6.8282     63.230    1476.05    32.6177    32.6177    25.5660    1476.05 0.0000e+00
     63.379   3.299968     6.8360     62.889    1476.08    32.6178    32.6178    25.5651    1476.08 0.0000e+00
     63.064   3.300956     6.8449     62.577    1476.11    32.6203    32.6203    25.5659    1476.11 0.0000e+00
     62.769   3.301489     6.8565     62.284    1476.14    32.6153    32.6153    25.5604    1476.14 0.0000e+00
     62.502   3.302227     6.8674     62.019    1476.18    32.6131    32.6131    25.5573    1476.18 0.0000e+00
     62.236   3.302599     6.8780     61.756    1476.21    32.6072    32.6073    25.5512    1476.21 0.0000e+00
     61.976   3.303113     6.8869     61.497    1476.24    32.6046    32.6046    25.5479    1476.24 0.0000e+00
     61.690   3.303575     6.8953     61.214    1476.26    32.6018    32.6018    25.5446    1476.26 0.0000e+00
     61.399   3.303941     6.9028     60.925    1476.28    32.5988    32.5988    25.5413    1476.28 0.0000e+00
     61.068   3.304364     6.9096     60.597    1476.30    32.5972    32.5972    25.5391    1476.30 0.0000e+00
     60.719   3.304910     6.9162     60.250    1476.32    32.5970    32.5970    25.5381    1476.32 0.0000e+00
     60.346   3.305514     6.9234     59.880    1476.34    32.5970    32.5970    25.5371    1476.34 0.0000e+00
     59.953   3.306400     6.9323     59.490    1476.37    32.5985    32.5984    25.5371    1476.37 0.0000e+00
     59.545   3.306791     6.9430     59.086    1476.40    32.5927    32.5928    25.5312    1476.40 0.0000e+00
     59.123   3.307087     6.9529     58.667    1476.42    32.5869    32.5868    25.5252    1476.42 0.0000e+00
     58.707   3.307453     6.9608     58.254    1476.44    32.5836    32.5835    25.5215    1476.44 0.0000e+00
     58.299   3.307652     6.9672     57.850    1476.46    32.5798    32.5798    25.5178    1476.46 0.0000e+00
     57.894   3.307960     6.9727     57.447    1476.47    32.5782    32.5782    25.5157    1476.47 0.0000e+00
     57.502   3.308724     6.9782     57.059    1476.49    32.5815    32.5815    25.5176    1476.49 0.0000e+00
     57.130   3.309752     6.9866     56.689    1476.52    32.5850    32.5850    25.5192    1476.52 0.0000e+00
     56.775   3.311449     6.9994     56.337    1476.57    32.5915    32.5915    25.5227    1476.57 0.0000e+00
     56.435   3.312528     7.0183     56.000    1476.63    32.5856    32.5856    25.5155    1476.63 0.0000e+00
     56.116   3.313454     7.0372     55.684    1476.69    32.5780    32.5780    25.5069    1476.69 0.0000e+00
     55.800   3.314000     7.0533     55.370    1476.74    32.5689    32.5688    25.4976    1476.74 0.0000e+00
     55.509   3.314585     7.0659     55.081    1476.78    32.5634    32.5635    25.4917    1476.78 0.0000e+00
     55.214   3.315073     7.0758     54.789    1476.80    32.5595    32.5596    25.4873    1476.80 0.0000e+00
     54.923   3.315272     7.0840     54.500    1476.82    32.5541    32.5541    25.4819    1476.82 0.0000e+00
     54.630   3.315497     7.0899     54.209    1476.84    32.5511    32.5511    25.4787    1476.84 0.0000e+00
     54.337   3.315639     7.0942     53.919    1476.85    32.5487    32.5488    25.4763    1476.85 0.0000e+00
     54.046   3.315799     7.0976     53.630    1476.85    32.5475    32.5474    25.4748    1476.85 0.0000e+00
     53.735   3.315921     7.1002     53.321    1476.86    32.5464    32.5465    25.4736    1476.86 0.0000e+00
     53.413   3.316030     7.1024     53.002    1476.86    32.5457    32.5457    25.4728    1476.86 0.0000e+00
     53.095   3.316249     7.1042     52.686    1476.86    32.5465    32.5466    25.4732    1476.86 0.0000e+00
     52.758   3.316416     7.1064     52.352    1476.87    32.5465    32.5465    25.4728    1476.87 0.0000e+00
     52.412   3.316551     7.1089     52.009    1476.87    32.5457    32.5457    25.4719    1476.87 0.0000e+00
     52.069   3.316654     7.1115     51.668    1476.87    32.5445    32.5446    25.4706    1476.87 0.0000e+00
     51.716   3.316718     7.1134     51.318    1476.87    32.5436    32.5436    25.4696    1476.87 0.0000e+00
     51.348   3.316776     7.1148     50.953    1476.87    32.5431    32.5431    25.4690    1476.87 0.0000e+00
     50.988   3.316866     7.1158     50.596    1476.87    32.5433    32.5433    25.4690    1476.87 0.0000e+00
     50.626   3.316994     7.1171     50.237    1476.87    32.5436    32.5437    25.4691    1476.87 0.0000e+00
     50.268   3.317168     7.1187     49.881    1476.87    32.5442    32.5442    25.4693    1476.87 0.0000e+00
     49.913   3.317502     7.1206     49.529    1476.87    32.5462    32.5462    25.4707    1476.87 0.0000e+00
     49.549   3.317869     7.1240     49.168    1476.88    32.5472    32.5472    25.4710    1476.88 0.0000e+00
     49.189   3.318190     7.1283     48.811    1476.89    32.5468    32.5468    25.4701    1476.89 0.0000e+00
     48.845   3.318659     7.1325     48.470    1476.91    32.5480    32.5481    25.4705    1476.91 0.0000e+00
     48.525   3.319611     7.1381     48.152    1476.93    32.5533    32.5533    25.4739    1476.93 0.0000e+00
     48.207   3.320396     7.1475     47.836    1476.96    32.5531    32.5531    25.4725    1476.96 0.0000e+00
     47.890   3.321779     7.1589     47.522    1477.00    32.5576    32.5576    25.4744    1477.00 0.0000e+00
     47.566   3.322648     7.1732     47.201    1477.05    32.5537    32.5537    25.4694    1477.05 0.0000e+00
     47.246   3.323446     7.1873     46.883    1477.09    32.5492    32.5492    25.4640    1477.09 0.0000e+00
     46.924   3.324231     7.2002     46.564    1477.13    32.5457    32.5457    25.4595    1477.13 0.0000e+00
     46.609   3.324849     7.2121     46.251    1477.17    32.5414    32.5414    25.4544    1477.17 0.0000e+00
