data/input/seabird/2016_223_005846.cnv
* Sea-Bird SBE19Plus V2+ Data File:
* FileName = c:\velocity\CATFILES\\2016_223_005846.HEX
* Software Version 15.13(r5684)
* Temperature SN = 6122
* Conductivity SN = 6122
* System UpLoad Time = Aug 09 2016 17:12:31
* DS
* SBE 19plus V 2.5.2  SERIAL NO. 6122    10 Aug 2016 01:12:39
# nquan = 10                                
# nvalues = 2764                        
# units = specified
# name 0 = prdM: Pressure, Strain Gauge [db]
# name 1 = c0S/m: Conductivity [S/m]
# name 2 = tv290C: Temperature [ITS-90, deg C]
# name 3 = depSM: Depth [salt water, m], lat = 39.00
# name 4 = svCM: Sound Velocity [Chen-Millero, m/s]
# name 5 = sal00: Salinity, Practical [PSU]
# name 6 = sal00: Salinity, Practical [PSU]
# name 7 = sigma-é00: Density [sigma-theta, kg/m^3]
# name 8 = svCM: Sound Velocity [Chen-Millero, m/s]
# name 9 = flag: flag
# span 0 =      0.000,    174.053       
# span 1 =   0.000082,   3.673676       
# span 2 =     6.0463,    13.3019       
# span 3 =      0.000,    172.663       
# span 4 =    1449.39,    1494.19       
# span 5 =     0.0068,    32.8078       
# span 6 =     0.0068,    32.8077       
# span 7 =    -0.6546,    25.8166       
# span 8 =    1449.39,    1494.19       
# span 9 = 0.0000e+00, 0.0000e+00       
# interval = seconds: 0.25
# start_time = Aug 09 2016 17:12:31 [System UpLoad Time]
# bad_flag = -9.990e-29
*END*
[from data line 1154]
     80.368   3.281062     6.5486     79.744    1475.30    32.6755    32.6755    25.6481    1475.30 0.0000e+00
     80.521   3.281229     6.5477     79.895    1475.30    32.6781    32.6781    25.6503    1475.30 0.0000e+00
     80.666   3.280979     6.5471     80.040    1475.30    32.6758    32.6759    25.6486    1475.30 0.0000e+00
     80.817   3.280960     6.5468     80.189    1475.30    32.6759    32.6759    25.6487    1475.30 0.0000e+00
     80.979   3.280768     6.5460     80.350    1475.30    32.6744    32.6744    25.6477    1475.30 0.0000e+00
     81.172   3.280723     6.5443     80.541    1475.29    32.6755    32.6755    25.6487    1475.29 0.0000e+00
     81.387   3.280704     6.5430     80.754    1475.29    32.6764    32.6764    25.6496    1475.29 0.0000e+00
     81.623   3.280480     6.5422     80.989    1475.29    32.6745    32.6746    25.6483    1475.29 0.0000e+00
     81.876   3.280557     6.5406     81.240    1475.29    32.6768    32.6768    25.6503    1475.29 0.0000e+00
     82.133   3.280409     6.5396     81.495    1475.29    32.6761    32.6760    25.6497    1475.29 0.0000e+00
     82.393   3.280224     6.5382     81.753    1475.29    32.6752    32.6752    25.6493    1475.29 0.0000e+00
     82.653   3.280051     6.5362     82.011    1475.29    32.6751    32.6751    25.6494    1475.29 0.0000e+00
     82.919   3.280045     6.5340     82.274    1475.28    32.6770    32.6770    25.6512    1475.28 0.0000e+00
     83.161   3.279923     6.5323     82.514    1475.28    32.6771    32.6772    25.6516    1475.28 0.0000e+00
     83.405   3.279840     6.5308     82.756    1475.28    32.6776    32.6776    25.6521    1475.28 0.0000e+00
     83.656   3.279814     6.5293     83.005    1475.28    32.6786    32.6786    25.6531    1475.28 0.0000e+00
     83.907   3.279328     6.5277     83.254    1475.27    32.6746    32.6746    25.6502    1475.27 0.0000e+00
     84.194   3.279123     6.5243     83.540    1475.27    32.6754    32.6755    25.6513    1475.27 0.0000e+00
     84.493   3.278995     6.5206     83.836    1475.26    32.6775    32.6774    25.6533    1475.26 0.0000e+00
     84.802   3.279047     6.5178     84.143    1475.26    32.6805    32.6806    25.6561    1475.26 0.0000e+00
     85.126   3.278867     6.5164     84.464    1475.26    32.6797    32.6797    25.6557    1475.26 0.0000e+00
     85.459   3.278086     6.5143     84.794    1475.24    32.6729    32.6730    25.6506    1475.24 0.0000e+00
     85.799   3.277709     6.5084     85.132    1475.23    32.6743    32.6743    25.6524    1475.23 0.0000e+00
     86.121   3.277645     6.5013     85.451    1475.21    32.6802    32.6802    25.6580    1475.21 0.0000e+00
     86.436   3.277562     6.4968     85.763    1475.20    32.6835    32.6834    25.6611    1475.20 0.0000e+00
     86.723   3.277351     6.4937     86.049    1475.20    32.6840    32.6839    25.6619    1475.20 0.0000e+00
     86.973   3.277165     6.4903     86.296    1475.19    32.6850    32.6850    25.6632    1475.19 0.0000e+00
     87.182   3.277095     6.4870     86.503    1475.18    32.6873    32.6873    25.6654    1475.18 0.0000e+00
     87.367   3.277108     6.4845     86.688    1475.18    32.6898    32.6897    25.6677    1475.18 0.0000e+00
     87.518   3.277012     6.4828     86.837    1475.18    32.6902    32.6902    25.6683    1475.17 0.0000e+00
     87.642   3.277031     6.4812     86.960    1475.17    32.6919    32.6919    25.6698    1475.17 0.0000e+00
     87.750   3.277089     6.4803     87.067    1475.17    32.6934    32.6934    25.6711    1475.17 0.0000e+00
     87.861   3.277076     6.4799     87.177    1475.17    32.6936    32.6936    25.6713    1475.17 0.0000e+00
     87.999   3.277044     6.4798     87.314    1475.17    32.6932    32.6932    25.6710    1475.17 0.0000e+00
     88.159   3.277076     6.4795     87.473    1475.18    32.6938    32.6938    25.6715    1475.18 0.0000e+00
     88.341   3.276846     6.4796     87.653    1475.18    32.6911    32.6911    25.6694    1475.18 0.0000e+00
     88.556   3.276507     6.4787     87.866    1475.17    32.6881    32.6881    25.6671    1475.17 0.0000e+00
     88.838   3.276507     6.4764     88.146    1475.17    32.6901    32.6901    25.6690    1475.17 0.0000e+00
     89.134   3.276270     6.4749     88.440    1475.17    32.6888    32.6888    25.6682    1475.17 0.0000e+00
     89.436   3.276187     6.4729     88.740    1475.17    32.6896    32.6897    25.6691    1475.17 0.0000e+00
     89.747   3.276027     6.4711     89.049    1475.16    32.6894    32.6895    25.6692    1475.16 0.0000e+00
     90.066   3.276001     6.4694     89.364    1475.16    32.6907    32.6907    25.6704    1475.16 0.0000e+00
     90.370   3.275938     6.4679     89.666    1475.16    32.6912    32.6912    25.6710    1475.16 0.0000e+00
     90.645   3.275650     6.4666     89.938    1475.16    32.6892    32.6892    25.6695    1475.16 0.0000e+00
     90.888   3.275643     6.4639     90.180    1475.16    32.6916    32.6916    25.6718    1475.16 0.0000e+00
     91.107   3.275650     6.4622     90.397    1475.16    32.6931    32.6932    25.6733    1475.16 0.0000e+00
     91.309   3.275580     6.4612     90.597    1475.16    32.6932    32.6932    25.6735    1475.16 0.0000e+00
     91.498   3.275708     6.4606     90.785    1475.16    32.6951    32.6951    25.6750    1475.16 0.0000e+00
     91.665   3.275618     6.4608     90.951    1475.16    32.6939    32.6939    25.6740    1475.16 0.0000e+00
     91.862   3.275368     6.4603     91.146    1475.16    32.6915    32.6915    25.6722    1475.16 0.0000e+00
     92.084   3.275388     6.4588     91.366    1475.16    32.6931    32.6930    25.6736    1475.16 0.0000e+00
     92.324   3.275241     6.4574     91.604    1475.16    32.6926    32.6926    25.6735    1475.16 0.0000e+00
     92.577   3.275151     6.4559     91.855    1475.16    32.6930    32.6930    25.6739    1475.16 0.0000e+00
     92.843   3.275138     6.4546     92.119    1475.16    32.6939    32.6939    25.6749    1475.16 0.0000e+00
     93.117   3.275158     6.4537     92.392    1475.16    32.6949    32.6949    25.6757    1475.16 0.0000e+00
     93.381   3.275190     6.4531     92.653    1475.16    32.6957    32.6957    25.6764    1475.16 0.0000e+00
     93.616   3.275305     6.4531     92.886    1475.17    32.6969    32.6969    25.6774    1475.17 0.0000e+00
     93.845   3.275427     6.4535     93.114    1475.17    32.6977    32.6977    25.6780    1475.17 0.0000e+00
     94.064   3.275452     6.4538     93.330    1475.18    32.6976    32.6976    25.6779    1475.18 0.0000e+00
     94.280   3.275331     6.4544     93.545    1475.18    32.6956    32.6956    25.6762    1475.18 0.0000e+00
     94.484   3.275453     6.4545     93.747    1475.19    32.6967    32.6967    25.6771    1475.19 0.0000e+00
     94.670   3.275453     6.4547     93.931    1475.19    32.6965    32.6964    25.6768    1475.19 0.0000e+00
     94.875   3.275587     6.4549     94.135    1475.19    32.6977    32.6976    25.6778    1475.19 0.0000e+00
     95.079   3.275517     6.4553     94.337    1475.20    32.6964    32.6964    25.6767    1475.20 0.0000e+00
     95.297   3.275613     6.4555     94.554    1475.20    32.6972    32.6972    25.6773    1475.20 0.0000e+00
     95.527   3.275472     6.4555     94.781    1475.21    32.6954    32.6955    25.6760    1475.21 0.0000e+00
     95.772   3.275511     6.4552     95.025    1475.21    32.6961    32.6961    25.6765    1475.21 0.0000e+00
     96.045   3.275498     6.4550     95.296    1475.21    32.6960    32.6960    25.6765    1475.21 0.0000e+00
     96.300   3.275498     6.4545     95.549    1475.21    32.6964    32.6964    25.6768    1475.21 0.0000e+00
     96.557   3.275530     6.4544     95.803    1475.22    32.6967    32.6967    25.6771    1475.22 0.0000e+00
     96.797   3.275620     6.4545     96.041    1475.22    32.6975    32.6975    25.6777    1475.22 0.0000e+00
     97.030   3.275633     6.4546     96.272    1475.23    32.6974    32.6974    25.6776    1475.23 0.0000e+00
     97.252   3.275665     6.4545     96.493    1475.23    32.6977    32.6977    25.6779    1475.23 0.0000e+00
     97.463   3.275684     6.4546     96.702    1475.24    32.6977    32.6978    25.6779    1475.24 0.0000e+00
     97.659   3.275812     6.4547     96.897    1475.24    32.6989    32.6990    25.6789    1475.24 0.0000e+00
     97.854   3.275857     6.4554     97.090    1475.25    32.6987    32.6987    25.6786    1475.25 0.0000e+00
     98.051   3.275774     6.4559     97.285    1475.25    32.6972    32.6972    25.6773    1475.25 0.0000e+00
     98.242   3.275748     6.4561     97.475    1475.25    32.6967    32.6967    25.6769    1475.25 0.0000e+00
     98.440   3.275812     6.4560     97.671    1475.26    32.6974    32.6974    25.6774    1475.26 0.0000e+00
     98.631   3.275710     6.4561     97.861    1475.26    32.6961    32.6960    25.6764    1475.26 0.0000e+00
     98.831   3.275812     6.4564     98.059    1475.26    32.6968    32.6968    25.6769    1475.26 0.0000e+00
     99.041   3.275870     6.4567     98.267    1475.27    32.6970    32.6970    25.6771    1475.27 0.0000e+00
     99.253   3.275857     6.4573     98.478    1475.27    32.6962    32.6962    25.6764    1475.27 0.0000e+00
     99.468   3.275870     6.4573     98.691    1475.28    32.6963    32.6963    25.6764    1475.28 0.0000e+00
     99.696   3.275774     6.4574     98.917    1475.28    32.6950    32.6950    25.6754    1475.28 0.0000e+00
     99.930   3.275621     6.4566     99.150    1475.28    32.6939    32.6940    25.6747    1475.28 0.0000e+00
    100.171   3.275550     6.4540     99.388    1475.28    32.6955    32.6955    25.6763    1475.28 0.0000e+00
    100.405   3.275499     6.4515     99.621    1475.27    32.6973    32.6973    25.6780    1475.27 0.0000e+00
    100.642   3.275410     6.4494     99.856    1475.27    32.6981    32.6982    25.6789    1475.27 0.0000e+00
    100.888   3.275455     6.4479    100.099    1475.27    32.7000    32.7000    25.6806    1475.27 0.0000e+00
    101.130   3.274834     6.4459    100.339    1475.26    32.6949    32.6949    25.6768    1475.26 0.0000e+00
    101.377   3.274213     6.4408    100.585    1475.24    32.6928    32.6928    25.6758    1475.24 0.0000e+00
    101.645   3.273855     6.4338    100.850    1475.22    32.6954    32.6954    25.6788    1475.22 0.0000e+00
    101.909   3.273734     6.4269    101.112    1475.20    32.7006    32.7006    25.6837    1475.20 0.0000e+00
    102.196   3.273452     6.4218    101.397    1475.19    32.7022    32.7022    25.6856    1475.19 0.0000e+00
    102.489   3.273318     6.4171    101.688    1475.18    32.7050    32.7051    25.6885    1475.18 0.0000e+00
    102.767   3.273267     6.4135    101.964    1475.17    32.7078    32.7078    25.6911    1475.17 0.0000e+00
    103.059   3.273094     6.4114    102.253    1475.17    32.7078    32.7078    25.6914    1475.17 0.0000e+00
    103.343   3.272858     6.4092    102.534    1475.16    32.7072    32.7071    25.6912    1475.16 0.0000e+00
    103.615   3.272672     6.4064    102.805    1475.16    32.7076    32.7076    25.6919    1475.16 0.0000e+00
    103.859   3.272481     6.4037    103.047    1475.15    32.7080    32.7080    25.6925    1475.15 0.0000e+00
    104.076   3.272359     6.4003    103.262    1475.14    32.7098    32.7098    25.6944    1475.15 0.0000e+00
    104.265   3.272378     6.3981    103.450    1475.14    32.7120    32.7120    25.6964    1475.14 0.0000e+00
    104.443   3.272570     6.3968    103.626    1475.14    32.7153    32.7153    25.6992    1475.14 0.0000e+00
    104.587   3.272423     6.3969    103.769    1475.14    32.7135    32.7135    25.6978    1475.14 0.0000e+00
    104.724   3.272398     6.3963    103.904    1475.14    32.7138    32.7137    25.6980    1475.14 0.0000e+00
    104.851   3.272526     6.3960    104.031    1475.15    32.7154    32.7154    25.6994    1475.15 0.0000e+00
    104.995   3.272481     6.3963    104.173    1475.15    32.7146    32.7145    25.6986    1475.15 0.0000e+00
    105.153   3.272507     6.3963    104.330    1475.15    32.7147    32.7147    25.6988    1475.15 0.0000e+00
    105.326   3.272615     6.3968    104.502    1475.16    32.7154    32.7154    25.6993    1475.16 0.0000e+00
    105.519   3.272519     6.3972    104.693    1475.16    32.7138    32.7138    25.6980    1475.16 0.0000e+00
    105.743   3.272404     6.3971    104.915    1475.16    32.7126    32.7125    25.6970    1475.16 0.0000e+00
    105.972   3.272321     6.3961    105.143    1475.16    32.7125    32.7125    25.6971    1475.16 0.0000e+00
    106.203   3.271957     6.3944    105.372    1475.16    32.7099    32.7100    25.6953    1475.16 0.0000e+00
    106.443   3.271835     6.3914    105.610    1475.15    32.7114    32.7114    25.6968    1475.15 0.0000e+00
    106.667   3.271541     6.3882    105.832    1475.14    32.7111    32.7111    25.6970    1475.14 0.0000e+00
    106.904   3.271477     6.3842    106.067    1475.13    32.7141    32.7141    25.6998    1475.13 0.0000e+00
    107.144   3.271381     6.3806    106.305    1475.13    32.7163    32.7164    25.7021    1475.13 0.0000e+00
    107.395   3.271350     6.3779    106.554    1475.12    32.7185    32.7185    25.7041    1475.12 0.0000e+00
    107.665   3.271369     6.3752    106.821    1475.12    32.7211    32.7212    25.7066    1475.12 0.0000e+00
    107.925   3.271305     6.3736    107.080    1475.12    32.7219    32.7219    25.7073    1475.12 0.0000e+00
    108.187   3.271305     6.3718    107.340    1475.12    32.7234    32.7235    25.7088    1475.12 0.0000e+00
    108.444   3.271164     6.3696    107.594    1475.11    32.7238    32.7239    25.7094    1475.11 0.0000e+00
    108.704   3.270973     6.3667    107.852    1475.11    32.7244    32.7244    25.7102    1475.11 0.0000e+00
    108.953   3.271082     6.3628    108.100    1475.10    32.7293    32.7293    25.7145    1475.10 0.0000e+00
    109.208   3.271056     6.3598    108.352    1475.10    32.7317    32.7317    25.7169    1475.10 0.0000e+00
    109.448   3.271075     6.3580    108.591    1475.10    32.7335    32.7335    25.7185    1475.10 0.0000e+00
    109.697   3.271082     6.3571    108.838    1475.10    32.7344    32.7344    25.7193    1475.10 0.0000e+00
    109.950   3.271075     6.3566    109.089    1475.10    32.7346    32.7346    25.7196    1475.10 0.0000e+00
    110.211   3.271082     6.3563    109.347    1475.10    32.7348    32.7349    25.7198    1475.10 0.0000e+00
    110.453   3.271056     6.3561    109.587    1475.11    32.7347    32.7347    25.7197    1475.11 0.0000e+00
    110.699   3.271121     6.3562    109.831    1475.11    32.7352    32.7352    25.7201    1475.11 0.0000e+00
    110.928   3.271082     6.3560    110.058    1475.11    32.7348    32.7348    25.7198    1475.11 0.0000e+00
    111.154   3.271057     6.3561    110.282    1475.12    32.7344    32.7343    25.7194    1475.12 0.0000e+00
    111.359   3.270743     6.3556    110.486    1475.11    32.7312    32.7312    25.7171    1475.11 0.0000e+00
    111.572   3.270718     6.3537    110.697    1475.11    32.7326    32.7327    25.7184    1475.11 0.0000e+00
    111.787   3.270616     6.3521    110.910    1475.11    32.7329    32.7330    25.7189    1475.11 0.0000e+00
    111.998   3.270667     6.3505    111.120    1475.11    32.7350    32.7350    25.7207    1475.11 0.0000e+00
    112.222   3.270571     6.3491    111.342    1475.11    32.7351    32.7352    25.7210    1475.11 0.0000e+00
    112.440   3.270430     6.3475    111.558    1475.11    32.7350    32.7350    25.7211    1475.11 0.0000e+00
    112.677   3.270571     6.3457    111.793    1475.11    32.7382    32.7382    25.7238    1475.11 0.0000e+00
    112.933   3.270571     6.3451    112.048    1475.11    32.7387    32.7387    25.7242    1475.11 0.0000e+00
    113.210   3.270648     6.3448    112.322    1475.11    32.7397    32.7397    25.7251    1475.11 0.0000e+00
