data/input/seabird/2016_223_005846.cnv
* Sea-Bird SBE19Plus V2+ Data File:
* FileName = c:\velocity\CATFILES\\2016_223_005846.HEX
* Software Version 15.13(r5684)
* Temperature SN = 6122
* Conductivity SN = 6122
* System UpLoad Time = Aug 09 2016 17:12:31
* DS
* SBE 19plus V 2.5.2  SERIAL NO. 6122    10 Aug 2016 01:12:39
# nquan = 10                                
# nvalues = 2764                        
# units = specified
# name 0 = prdM: Pressure, Strain Gauge [db]
# name 1 = c0S/m: Conductivity [S/m]
# name 2 = tv290C: Temperature [ITS-90, deg C]
# name 3 = depSM: Depth [salt water, m], lat = 39.00
# name 4 = svCM: Sound Velocity [Chen-Millero, m/s]
# name 5 = sal00: Salinity, Practical [PSU]
# name 6 = sal00: Salinity, Practical [PSU]
# name 7 = sigma-é00: Density [sigma-theta, kg/m^3]
# name 8 = svCM: Sound Velocity [Chen-Millero, m/s]
# name 9 = flag: flag
# span 0 =      0.000,    174.053       
# span 1 =   0.000082,   3.673676       
# span 2 =     6.0463,    13.3019       
# span 3 =      0.000,    172.663       
# span 4 =    1449.39,    1494.19       
# span 5 =     0.0068,    32.8078       
# span 6 =     0.0068,    32.8077       
# span 7 =    -0.6546,    25.8166       
# span 8 =    1449.39,    1494.19       
# span 9 = 0.0000e+00, 0.0000e+00       
# interval = seconds: 0.25
# start_time = Aug 09 2016 17:12:31 [System UpLoad Time]
# bad_flag = -9.990e-29
*END*
[from data line 2595]
      0.007   0.047113    10.5135      0.007    1449.71     0.3185     0.3185    -0.0946    1449.71 0.0000e+00
      0.002   0.047765    10.5146      0.002    1449.72     0.3231     0.3231    -0.0912    1449.72 0.0000e+00
      0.006   0.047176    10.5141      0.006    1449.71     0.3189     0.3189    -0.0944    1449.71 0.0000e+00
      0.004   0.045771    10.5146      0.004    1449.70     0.3091     0.3091    -0.1021    1449.70 0.0000e+00
      0.006   0.045686    10.5143      0.006    1449.70     0.3085     0.3085    -0.1026    1449.70 0.0000e+00
      0.004   0.043918    10.5147      0.004    1449.68     0.2962     0.2962    -0.1123    1449.68 0.0000e+00
      0.004   0.042767    10.5145      0.004    1449.67     0.2882     0.2882    -0.1186    1449.67 0.0000e+00
      0.004   0.041613    10.5144      0.004    1449.66     0.2802     0.2802    -0.1248    1449.66 0.0000e+00
      0.002   0.041400    10.5149      0.002    1449.66     0.2787     0.2787    -0.1261    1449.66 0.0000e+00
      0.009   0.041475    10.5147      0.009    1449.66     0.2792     0.2792    -0.1256    1449.66 0.0000e+00
      0.002   0.041032    10.5147      0.002    1449.66     0.2761     0.2761    -0.1280    1449.66 0.0000e+00
      0.007   0.041444    10.5152      0.007    1449.66     0.2790     0.2790    -0.1258    1449.66 0.0000e+00
      0.004   0.041393    10.5153      0.004    1449.66     0.2786     0.2786    -0.1261    1449.66 0.0000e+00
      0.006   0.040919    10.5152      0.006    1449.66     0.2753     0.2753    -0.1287    1449.66 0.0000e+00
      0.006   0.040765    10.5157      0.006    1449.66     0.2743     0.2743    -0.1296    1449.66 0.0000e+00
      0.006   0.040304    10.5149      0.006    1449.65     0.2711     0.2711    -0.1320    1449.65 0.0000e+00
      0.000   0.039682    10.5156      0.000    1449.65     0.2668     0.2668    -0.1355    1449.65 0.0000e+00
      0.002   0.039469    10.5153      0.002    1449.65     0.2653     0.2653    -0.1366    1449.65 0.0000e+00
      0.004   0.039305    10.5156      0.004    1449.65     0.2641     0.2641    -0.1375    1449.65 0.0000e+00
      0.007   0.039434    10.5162      0.007    1449.65     0.2650     0.2650    -0.1369    1449.65 0.0000e+00
      0.007   0.039192    10.5164      0.007    1449.65     0.2634     0.2633    -0.1382    1449.65 0.0000e+00
      0.009   0.039079    10.5165      0.009    1449.65     0.2626     0.2626    -0.1389    1449.65 0.0000e+00
      0.005   0.038668    10.5162      0.005    1449.64     0.2597     0.2597    -0.1411    1449.64 0.0000e+00
      0.007   0.038590    10.5159      0.007    1449.64     0.2592     0.2592    -0.1415    1449.64 0.0000e+00
      0.007   0.038477    10.5169      0.007    1449.64     0.2584     0.2584    -0.1422    1449.64 0.0000e+00
      0.007   0.038687    10.5170      0.007    1449.65     0.2598     0.2598    -0.1410    1449.65 0.0000e+00
      0.005   0.038731    10.5165      0.005    1449.64     0.2602     0.2602    -0.1408    1449.64 0.0000e+00
      0.002   0.037768    10.5166      0.002    1449.64     0.2535     0.2535    -0.1460    1449.64 0.0000e+00
      0.005   0.036824    10.5170      0.005    1449.63     0.2470     0.2470    -0.1512    1449.63 0.0000e+00
      0.009   0.036978    10.5171      0.009    1449.63     0.2480     0.2480    -0.1503    1449.63 0.0000e+00
      0.003   0.038759    10.5171      0.003    1449.65     0.2603     0.2603    -0.1407    1449.65 0.0000e+00
      0.005   0.040253    10.5171      0.005    1449.66     0.2707     0.2707    -0.1325    1449.66 0.0000e+00
      0.007   0.038935    10.5176      0.007    1449.65     0.2616     0.2616    -0.1398    1449.65 0.0000e+00
      0.007   0.037385    10.5178      0.007    1449.64     0.2508     0.2508    -0.1482    1449.64 0.0000e+00
      0.004   0.035803    10.5179      0.004    1449.62     0.2399     0.2399    -0.1568    1449.62 0.0000e+00
      0.003   0.033955    10.5181      0.003    1449.61     0.2272     0.2272    -0.1668    1449.61 0.0000e+00
      0.007   0.031812    10.5183      0.007    1449.59     0.2125     0.2125    -0.1784    1449.59 0.0000e+00
      0.007   0.028815    10.5188      0.007    1449.57     0.1919     0.1919    -0.1946    1449.57 0.0000e+00
      0.007   0.025713    10.5188      0.007    1449.54     0.1708     0.1708    -0.2112    1449.54 0.0000e+00
      0.005   0.021282    10.5193      0.005    1449.51     0.1409     0.1409    -0.2348    1449.51 0.0000e+00
      0.009   0.019232    10.5184      0.009    1449.49     0.1271     0.1271    -0.2455    1449.49 0.0000e+00
      0.007   0.018046    10.5187      0.007    1449.48     0.1192     0.1192    -0.2518    1449.48 0.0000e+00
      0.004   0.017369    10.5196      0.003    1449.47     0.1146     0.1146    -0.2554    1449.47 0.0000e+00
      0.011   0.017157    10.5195      0.011    1449.47     0.1132     0.1132    -0.2566    1449.47 0.0000e+00
      0.005   0.017173    10.5191      0.005    1449.47     0.1133     0.1133    -0.2564    1449.47 0.0000e+00
      0.002   0.016999    10.5199      0.002    1449.47     0.1122     0.1122    -0.2574    1449.47 0.0000e+00
      0.005   0.016915    10.5206      0.005    1449.47     0.1116     0.1116    -0.2579    1449.47 0.0000e+00
      0.007   0.016800    10.5199      0.007    1449.47     0.1108     0.1108    -0.2585    1449.47 0.0000e+00
      0.005   0.016704    10.5210      0.005    1449.47     0.1102     0.1102    -0.2591    1449.47 0.0000e+00
      0.002   0.016664    10.5208      0.002    1449.47     0.1099     0.1099    -0.2593    1449.47 0.0000e+00
      0.007   0.016943    10.5205      0.007    1449.47     0.1118     0.1118    -0.2578    1449.47 0.0000e+00
      0.003   0.016872    10.5209      0.003    1449.48     0.1113     0.1113    -0.2582    1449.48 0.0000e+00
      0.007   0.016754    10.5211      0.007    1449.48     0.1105     0.1105    -0.2588    1449.48 0.0000e+00
      0.007   0.016813    10.5221      0.007    1449.48     0.1109     0.1109    -0.2586    1449.48 0.0000e+00
      0.009   0.016813    10.5217      0.009    1449.48     0.1109     0.1109    -0.2586    1449.48 0.0000e+00
      0.005   0.016704    10.5214      0.005    1449.48     0.1102     0.1102    -0.2591    1449.48 0.0000e+00
      0.007   0.016633    10.5230      0.007    1449.48     0.1097     0.1097    -0.2596    1449.48 0.0000e+00
      0.003   0.016661    10.5227      0.003    1449.48     0.1099     0.1099    -0.2595    1449.48 0.0000e+00
      0.005   0.016360    10.5229      0.005    1449.48     0.1079     0.1079    -0.2611    1449.48 0.0000e+00
      0.009   0.016012    10.5232      0.009    1449.48     0.1056     0.1056    -0.2629    1449.48 0.0000e+00
      0.003   0.016034    10.5234      0.003    1449.48     0.1057     0.1057    -0.2628    1449.48 0.0000e+00
      0.007   0.015820    10.5237      0.007    1449.48     0.1043     0.1043    -0.2640    1449.48 0.0000e+00
      0.005   0.015609    10.5236      0.005    1449.48     0.1029     0.1029    -0.2651    1449.48 0.0000e+00
      0.007   0.015646    10.5236      0.007    1449.48     0.1032     0.1032    -0.2649    1449.48 0.0000e+00
      0.007   0.015330    10.5247      0.007    1449.48     0.1011     0.1011    -0.2666    1449.48 0.0000e+00
      0.005   0.015147    10.5244      0.005    1449.47     0.0998     0.0999    -0.2675    1449.47 0.0000e+00
      0.005   0.015001    10.5249      0.005    1449.48     0.0989     0.0989    -0.2683    1449.48 0.0000e+00
      0.007   0.014424    10.5245      0.007    1449.47     0.0951     0.0951    -0.2713    1449.47 0.0000e+00
      0.003   0.013950    10.5245      0.003    1449.47     0.0919     0.0919    -0.2738    1449.46 0.0000e+00
      0.007   0.013358    10.5251      0.007    1449.46     0.0880     0.0880    -0.2769    1449.46 0.0000e+00
      0.003   0.012552    10.5273      0.003    1449.46     0.0827     0.0827    -0.2813    1449.46 0.0000e+00
      0.005   0.012416    10.5377      0.005    1449.50     0.0818     0.0818    -0.2830    1449.50 0.0000e+00
      0.005   0.012162    10.5457      0.005    1449.53     0.0801     0.0801    -0.2851    1449.53 0.0000e+00
      0.005   0.012026    10.5534      0.005    1449.56     0.0792     0.0792    -0.2865    1449.56 0.0000e+00
      0.005   0.012088    10.5602      0.005    1449.59     0.0796     0.0796    -0.2869    1449.59 0.0000e+00
      0.009   0.012431    10.5664      0.009    1449.62     0.0819     0.0819    -0.2857    1449.62 0.0000e+00
      0.003   0.013045    10.5715      0.003    1449.64     0.0859     0.0859    -0.2830    1449.64 0.0000e+00
      0.005   0.013962    10.5764      0.005    1449.67     0.0919     0.0919    -0.2788    1449.67 0.0000e+00
      0.009   0.014005    10.5791      0.008    1449.68     0.0922     0.0922    -0.2788    1449.68 0.0000e+00
      0.005   0.013875    10.5806      0.005    1449.68     0.0913     0.0913    -0.2796    1449.68 0.0000e+00
      0.009   0.013141    10.5827      0.008    1449.69     0.0865     0.0865    -0.2836    1449.69 0.0000e+00
      0.005   0.012633    10.5863      0.005    1449.70     0.0831     0.0831    -0.2866    1449.70 0.0000e+00
      0.005   0.012540    10.5926      0.005    1449.72     0.0825     0.0825    -0.2877    1449.72 0.0000e+00
      0.003   0.012670    10.5996      0.003    1449.75     0.0834     0.0834    -0.2877    1449.75 0.0000e+00
      0.007   0.013119    10.6050      0.007    1449.77     0.0863     0.0863    -0.2859    1449.77 0.0000e+00
      0.005   0.013832    10.6107      0.005    1449.80     0.0910     0.0910    -0.2828    1449.80 0.0000e+00
      0.007   0.014777    10.6167      0.007    1449.83     0.0972     0.0972    -0.2785    1449.83 0.0000e+00
      0.005   0.015274    10.6196      0.005    1449.85     0.1005     0.1005    -0.2762    1449.85 0.0000e+00
      0.006   0.016186    10.6217      0.006    1449.86     0.1065     0.1065    -0.2717    1449.86 0.0000e+00
      0.005   0.016887    10.6238      0.005    1449.88     0.1111     0.1111    -0.2682    1449.88 0.0000e+00
      0.010   0.016791    10.6239      0.010    1449.88     0.1105     0.1105    -0.2687    1449.88 0.0000e+00
      0.005   0.016459    10.6228      0.005    1449.87     0.1083     0.1083    -0.2703    1449.87 0.0000e+00
      0.008   0.016000    10.6227      0.008    1449.87     0.1053     0.1053    -0.2727    1449.87 0.0000e+00
      0.005   0.016307    10.6243      0.005    1449.87     0.1073     0.1073    -0.2713    1449.87 0.0000e+00
      0.005   0.016279    10.6241      0.005    1449.87     0.1071     0.1071    -0.2714    1449.87 0.0000e+00
      0.003   0.015838    10.6229      0.003    1449.87     0.1042     0.1042    -0.2736    1449.87 0.0000e+00
      0.006   0.015565    10.6243      0.006    1449.87     0.1024     0.1024    -0.2751    1449.87 0.0000e+00
      0.006   0.014867    10.6244      0.006    1449.86     0.0978     0.0978    -0.2788    1449.86 0.0000e+00
      0.006   0.014222    10.6222      0.006    1449.85     0.0935     0.0935    -0.2819    1449.85 0.0000e+00
      0.005   0.014005    10.6202      0.005    1449.84     0.0921     0.0921    -0.2828    1449.84 0.0000e+00
      0.001   0.013637    10.6183      0.001    1449.83     0.0897     0.0897    -0.2846    1449.83 0.0000e+00
      0.005   0.013522    10.6167      0.005    1449.82     0.0889     0.0889    -0.2850    1449.82 0.0000e+00
      0.001   0.013283    10.6152      0.001    1449.81     0.0874     0.0874    -0.2861    1449.81 0.0000e+00
      0.007   0.015088    10.6141      0.006    1449.83     0.0992     0.0993    -0.2766    1449.82 0.0000e+00
      0.007   0.016201    10.6126      0.007    1449.83     0.1066     0.1066    -0.2707    1449.83 0.0000e+00
      0.003   0.016509    10.6110      0.003    1449.82     0.1087     0.1087    -0.2689    1449.82 0.0000e+00
      0.007   0.016546    10.6102      0.007    1449.82     0.1089     0.1089    -0.2686    1449.82 0.0000e+00
      0.007   0.016475    10.6119      0.007    1449.83     0.1084     0.1084    -0.2692    1449.83 0.0000e+00
      0.008   0.016394    10.6131      0.008    1449.83     0.1079     0.1079    -0.2697    1449.83 0.0000e+00
      0.008   0.015702    10.6123      0.008    1449.82     0.1033     0.1033    -0.2732    1449.82 0.0000e+00
      0.007   0.015088    10.6111      0.006    1449.81     0.0993     0.0993    -0.2763    1449.81 0.0000e+00
      0.007   0.014483    10.6101      0.006    1449.80     0.0953     0.0953    -0.2794    1449.80 0.0000e+00
      0.005   0.013928    10.6086      0.005    1449.79     0.0916     0.0916    -0.2821    1449.79 0.0000e+00
      0.006   0.013472    10.6074      0.006    1449.79     0.0886     0.0886    -0.2843    1449.79 0.0000e+00
      0.006   0.012936    10.6055      0.006    1449.77     0.0851     0.0851    -0.2869    1449.77 0.0000e+00
      0.001   0.012546    10.6041      0.001    1449.76     0.0825     0.0825    -0.2888    1449.76 0.0000e+00
      0.005   0.012422    10.6021      0.005    1449.76     0.0817     0.0817    -0.2892    1449.76 0.0000e+00
      0.006   0.012286    10.6009      0.006    1449.75     0.0808     0.0808    -0.2898    1449.75 0.0000e+00
      0.003   0.012081    10.5995      0.003    1449.74     0.0795     0.0795    -0.2907    1449.74 0.0000e+00
      0.003   0.011852    10.5979      0.003    1449.73     0.0780     0.0780    -0.2918    1449.73 0.0000e+00
      0.005   0.011707    10.5980      0.004    1449.73     0.0771     0.0771    -0.2925    1449.73 0.0000e+00
      0.006   0.011546    10.5986      0.006    1449.73     0.0760     0.0760    -0.2934    1449.74 0.0000e+00
      0.001   0.011431    10.5985      0.001    1449.73     0.0753     0.0753    -0.2940    1449.73 0.0000e+00
      0.006   0.011372    10.5986      0.006    1449.73     0.0749     0.0749    -0.2943    1449.73 0.0000e+00
      0.008   0.011372    10.5981      0.008    1449.73     0.0749     0.0749    -0.2943    1449.73 0.0000e+00
      0.008   0.011205    10.5988      0.008    1449.73     0.0738     0.0738    -0.2952    1449.73 0.0000e+00
      0.010   0.011063    10.6001      0.010    1449.74     0.0729     0.0729    -0.2960    1449.74 0.0000e+00
      0.003   0.011010    10.6000      0.003    1449.74     0.0725     0.0725    -0.2963    1449.74 0.0000e+00
      0.008   0.010948    10.5989      0.008    1449.73     0.0721     0.0721    -0.2965    1449.73 0.0000e+00
      0.012   0.010868    10.5979      0.012    1449.73     0.0716     0.0716    -0.2968    1449.73 0.0000e+00
      0.006   0.011032    10.5985      0.006    1449.73     0.0727     0.0727    -0.2960    1449.73 0.0000e+00
      0.005   0.011032    10.5979      0.005    1449.73     0.0727     0.0727    -0.2960    1449.73 0.0000e+00
      0.008   0.010948    10.5970      0.008    1449.72     0.0721     0.0721    -0.2963    1449.72 0.0000e+00
      0.008   0.010874    10.5949      0.008    1449.72     0.0716     0.0716    -0.2965    1449.72 0.0000e+00
      0.006   0.010778    10.5937      0.006    1449.71     0.0710     0.0710    -0.2969    1449.71 0.0000e+00
      0.008   0.010722    10.5929      0.008    1449.71     0.0707     0.0706    -0.2971    1449.71 0.0000e+00
      0.001   0.010629    10.5916      0.001    1449.70     0.0700     0.0700    -0.2974    1449.70 0.0000e+00
      0.005   0.010555    10.5915      0.005    1449.70     0.0696     0.0696    -0.2978    1449.70 0.0000e+00
      0.003   0.010481    10.5923      0.003    1449.70     0.0691     0.0691    -0.2983    1449.70 0.0000e+00
      0.003   0.010338    10.5922      0.003    1449.70     0.0682     0.0682    -0.2990    1449.70 0.0000e+00
      0.003   0.010227    10.5931      0.003    1449.70     0.0674     0.0674    -0.2996    1449.70 0.0000e+00
      0.005   0.010184    10.5926      0.005    1449.70     0.0672     0.0672    -0.2998    1449.70 0.0000e+00
      0.001   0.010199    10.5934      0.001    1449.70     0.0673     0.0672    -0.2998    1449.70 0.0000e+00
