data/input/seabird/2016_223_005846Reprocessed.cnv
* Sea-Bird SBE19Plus V2+ Data File:
* FileName = c:\velocity\CATFILES\\2016_223_005846.HEX
* Software Version 15.13(r5684)
* Temperature SN = 6122
* Conductivity SN = 6122
* System UpLoad Time = Aug 09 2016 17:12:31
* DS
* SBE 19plus V 2.5.2  SERIAL NO. 6122    10 Aug 2016 01:12:39
# nquan = 5                                 
# nvalues = 1589                        
# units = specified
# name 0 = prdM: Pressure, Strain Gauge [db]
# name 1 = tv290C: Temperature [ITS-90, deg C]
# name 2 = c0S/m: Conductivity [S/m]
# name 3 = sal00: Salinity, Practical [PSU]
# name 4 = flag: flag
# span 0 =      0.001,    174.053       
# span 1 =     6.0468,    13.3014       
# span 2 =  -0.005462,   3.672212       
# span 3 =     0.0000,    32.8214       
# span 4 = 0.0000e+00, 0.0000e+00       
# interval = seconds: 0.25
# start_time = Aug 09 2016 17:12:31 [System UpLoad Time]
# bad_flag = -9.990e-29
*END*
[from data line 1429]
    143.993     6.1768   3.260508    32.7737 0.0000e+00
    144.210     6.1764   3.260528    32.7742 0.0000e+00
    144.428     6.1760   3.260552    32.7747 0.0000e+00
    144.632     6.1750   3.260558    32.7756 0.0000e+00
    144.831     6.1737   3.260547    32.7767 0.0000e+00
    145.018     6.1725   3.260564    32.7779 0.0000e+00
    145.204     6.1709   3.260596    32.7797 0.0000e+00
    145.397     6.1672   3.260576    32.7830 0.0000e+00
    145.602     6.1592   3.260488    32.7896 0.0000e+00
    145.828     6.1485   3.260339    32.7982 0.0000e+00
    146.065     6.1399   3.260291    32.8058 0.0000e+00
    146.312     6.1350   3.260299    32.8105 0.0000e+00
    146.571     6.1311   3.260283    32.8140 0.0000e+00
    146.835     6.1272   3.260141    32.8160 0.0000e+00
    147.106     6.1232   3.260106    32.8194 0.0000e+00
    147.377     6.1204   3.259951    32.8202 0.0000e+00
    147.641     6.1191   3.259952    32.8214 0.0000e+00
    147.918     6.1178   3.259626    32.8188 0.0000e+00
    148.182     6.1165   3.258883    32.8117 0.0000e+00
    148.426     6.1158   3.257998    32.8024 0.0000e+00
    148.648     6.1152   3.257570    32.7980 0.0000e+00
    148.845     6.1148   3.257679    32.7996 0.0000e+00
    149.021     6.1143   3.257447    32.7974 0.0000e+00
    149.180     6.1129   3.257223    32.7961 0.0000e+00
    149.331     6.1116   3.256883    32.7935 0.0000e+00
    149.476     6.1113   3.256767    32.7924 0.0000e+00
    149.642     6.1107   3.256830    32.7937 0.0000e+00
    149.804     6.1094   3.256744    32.7939 0.0000e+00
    149.966     6.1081   3.256605    32.7935 0.0000e+00
    150.144     6.1071   3.256613    32.7945 0.0000e+00
    150.323     6.1067   3.256587    32.7945 0.0000e+00
    150.516     6.1067   3.256563    32.7941 0.0000e+00
    150.722     6.1067   3.256644    32.7949 0.0000e+00
    150.951     6.1060   3.256401    32.7928 0.0000e+00
    151.208     6.1044   3.256284    32.7929 0.0000e+00
    151.477     6.1028   3.256449    32.7961 0.0000e+00
    151.748     6.1019   3.256350    32.7958 0.0000e+00
    152.034     6.1015   3.256225    32.7946 0.0000e+00
    152.313     6.1012   3.256153    32.7940 0.0000e+00
    152.591     6.1008   3.256125    32.7939 0.0000e+00
    152.850     6.0999   3.256165    32.7951 0.0000e+00
    153.103     6.0987   3.256161    32.7961 0.0000e+00
    153.327     6.0979   3.256202    32.7972 0.0000e+00
    153.545     6.0973   3.256199    32.7976 0.0000e+00
    153.744     6.0969   3.255966    32.7953 0.0000e+00
    153.922     6.0967   3.255900    32.7947 0.0000e+00
    154.091     6.0966   3.255890    32.7946 0.0000e+00
    154.253     6.0965   3.255902    32.7948 0.0000e+00
    154.415     6.0962   3.255911    32.7951 0.0000e+00
    154.590     6.0957   3.255894    32.7953 0.0000e+00
    154.774     6.0955   3.255819    32.7945 0.0000e+00
    154.989     6.0956   3.255681    32.7928 0.0000e+00
    155.207     6.0956   3.255704    32.7930 0.0000e+00
    155.433     6.0953   3.255690    32.7930 0.0000e+00
    155.657     6.0950   3.255709    32.7934 0.0000e+00
    155.879     6.0951   3.255667    32.7927 0.0000e+00
    156.108     6.0952   3.255694    32.7928 0.0000e+00
    156.332     6.0951   3.255695    32.7928 0.0000e+00
    156.545     6.0950   3.255648    32.7923 0.0000e+00
    156.775     6.0947   3.255631    32.7922 0.0000e+00
    156.991     6.0946   3.255635    32.7923 0.0000e+00
    157.214     6.0946   3.255699    32.7929 0.0000e+00
    157.434     6.0943   3.255681    32.7929 0.0000e+00
    157.638     6.0939   3.255669    32.7930 0.0000e+00
    157.840     6.0937   3.255629    32.7927 0.0000e+00
    158.040     6.0936   3.255675    32.7932 0.0000e+00
    158.244     6.0935   3.255708    32.7936 0.0000e+00
    158.435     6.0934   3.255711    32.7936 0.0000e+00
    158.648     6.0932   3.255688    32.7934 0.0000e+00
    158.863     6.0931   3.255679    32.7933 0.0000e+00
    159.103     6.0929   3.255704    32.7937 0.0000e+00
    159.349     6.0927   3.255721    32.7939 0.0000e+00
    159.584     6.0925   3.255661    32.7933 0.0000e+00
    159.817     6.0924   3.255670    32.7934 0.0000e+00
    160.076     6.0926   3.255700    32.7934 0.0000e+00
    160.327     6.0926   3.255694    32.7933 0.0000e+00
    160.595     6.0922   3.255722    32.7938 0.0000e+00
    160.855     6.0917   3.255707    32.7940 0.0000e+00
    161.108     6.0911   3.255706    32.7945 0.0000e+00
    161.343     6.0905   3.255706    32.7949 0.0000e+00
    161.565     6.0897   3.255705    32.7956 0.0000e+00
    161.778     6.0888   3.255700    32.7963 0.0000e+00
    161.991     6.0878   3.255687    32.7970 0.0000e+00
    162.188     6.0861   3.255698    32.7987 0.0000e+00
    162.372     6.0828   3.255702    32.8018 0.0000e+00
    162.541     6.0798   3.255736    32.8050 0.0000e+00
    162.708     6.0784   3.255703    32.8059 0.0000e+00
    162.867     6.0773   3.255672    32.8066 0.0000e+00
    163.031     6.0762   3.255587    32.8066 0.0000e+00
    163.198     6.0750   3.255621    32.8080 0.0000e+00
    163.386     6.0738   3.255536    32.8082 0.0000e+00
    163.580     6.0728   3.255430    32.8079 0.0000e+00
    163.795     6.0720   3.255384    32.8080 0.0000e+00
    164.008     6.0715   3.255322    32.8077 0.0000e+00
    164.240     6.0718   3.254943    32.8031 0.0000e+00
    164.480     6.0718   3.254787    32.8012 0.0000e+00
    164.715     6.0714   3.254857    32.8023 0.0000e+00
    164.953     6.0708   3.254805    32.8021 0.0000e+00
    165.186     6.0710   3.254701    32.8007 0.0000e+00
    165.419     6.0721   3.254638    32.7988 0.0000e+00
    165.638     6.0729   3.254604    32.7975 0.0000e+00
    165.845     6.0723   3.254560    32.7975 0.0000e+00
    166.042     6.0711   3.254517    32.7981 0.0000e+00
    166.246     6.0702   3.254494    32.7986 0.0000e+00
    166.439     6.0696   3.254611    32.8004 0.0000e+00
    166.628     6.0690   3.254656    32.8014 0.0000e+00
    166.809     6.0681   3.254498    32.8004 0.0000e+00
    166.978     6.0662   3.254467    32.8018 0.0000e+00
    167.144     6.0636   3.254514    32.8048 0.0000e+00
    167.302     6.0615   3.254637    32.8081 0.0000e+00
    167.470     6.0603   3.254728    32.8102 0.0000e+00
    167.643     6.0598   3.254574    32.8089 0.0000e+00
    167.830     6.0600   3.254441    32.8071 0.0000e+00
    168.043     6.0608   3.254429    32.8061 0.0000e+00
    168.272     6.0617   3.254476    32.8056 0.0000e+00
    168.538     6.0621   3.254375    32.8040 0.0000e+00
    168.830     6.0622   3.254415    32.8042 0.0000e+00
    169.127     6.0621   3.254220    32.8020 0.0000e+00
    169.451     6.0612   3.253976    32.8000 0.0000e+00
    169.766     6.0600   3.253943    32.8006 0.0000e+00
    170.066     6.0591   3.253925    32.8011 0.0000e+00
    170.334     6.0585   3.253906    32.8014 0.0000e+00
    170.576     6.0579   3.254033    32.8032 0.0000e+00
    170.774     6.0568   3.254124    32.8052 0.0000e+00
    170.927     6.0551   3.254186    32.8075 0.0000e+00
    171.057     6.0529   3.254168    32.8093 0.0000e+00
    171.155     6.0508   3.254122    32.8108 0.0000e+00
    171.248     6.0492   3.254143    32.8126 0.0000e+00
    171.344     6.0482   3.254049    32.8124 0.0000e+00
    171.466     6.0478   3.253872    32.8108 0.0000e+00
    171.608     6.0478   3.253910    32.8111 0.0000e+00
    171.781     6.0482   3.253877    32.8103 0.0000e+00
    171.961     6.0486   3.253895    32.8100 0.0000e+00
    172.165     6.0489   3.253792    32.8085 0.0000e+00
    172.375     6.0491   3.253675    32.8069 0.0000e+00
    172.595     6.0491   3.253500    32.8048 0.0000e+00
    172.806     6.0492   3.253389    32.8034 0.0000e+00
    173.008     6.0495   3.253313    32.8021 0.0000e+00
    173.205     6.0500   3.253275    32.8011 0.0000e+00
    173.391     6.0501   3.253321    32.8015 0.0000e+00
    173.577     6.0498   3.253314    32.8016 0.0000e+00
    173.766     6.0494   3.253215    32.8008 0.0000e+00
    173.917     6.0488   3.253435    32.8037 0.0000e+00
    173.986     6.0482   3.253431    32.8042 0.0000e+00
    173.974     6.0473   3.253414    32.8049 0.0000e+00
    173.941     6.0468   3.253414    32.8054 0.0000e+00
    173.948 -9.990e-29   3.253479 -9.990e-29 0.0000e+00
    173.986 -9.990e-29   3.253514 -9.990e-29 0.0000e+00
    174.021 -9.990e-29   3.253588 -9.990e-29 0.0000e+00
    174.008 -9.990e-29   3.253549 -9.990e-29 0.0000e+00
    173.970 -9.990e-29   3.253509 -9.990e-29 0.0000e+00
    173.943 -9.990e-29   3.253474 -9.990e-29 0.0000e+00
    173.943 -9.990e-29   3.253396 -9.990e-29 0.0000e+00
    173.955 -9.990e-29   3.253394 -9.990e-29 0.0000e+00
    173.964 -9.990e-29   3.253306 -9.990e-29 0.0000e+00
    173.968 -9.990e-29   3.253219 -9.990e-29 0.0000e+00
    173.982 -9.990e-29   3.253254 -9.990e-29 0.0000e+00
    174.008 -9.990e-29 -9.990e-29 -9.990e-29 0.0000e+00
    174.035 -9.990e-29 -9.990e-29 -9.990e-29 0.0000e+00
    174.053 -9.990e-29 -9.990e-29 -9.990e-29 0.0000e+00
