data/input/seabird/2016_223_005846.cnv
* Sea-Bird SBE19Plus V2+ Data File:
* FileName = c:\velocity\CATFILES\\2016_223_005846.HEX
* Software Version 15.13(r5684)
* Temperature SN = 6122
* Conductivity SN = 6122
* System UpLoad Time = Aug 09 2016 17:12:31
* DS
* SBE 19plus V 2.5.2  SERIAL NO. 6122    10 Aug 2016 01:12:39
# nquan = 10                                
# nvalues = 2764                        
# units = specified
# name 0 = prdM: Pressure, Strain Gauge [db]
# name 1 = c0S/m: Conductivity [S/m]
# name 2 = tv290C: Temperature [ITS-90, deg C]
# name 3 = depSM: Depth [salt water, m], lat = 39.00
# name 4 = svCM: Sound Velocity [Chen-Millero, m/s]
# name 5 = sal00: Salinity, Practical [PSU]
# name 6 = sal00: Salinity, Practical [PSU]
# name 7 = sigma-é00: Density [sigma-theta, kg/m^3]
# name 8 = svCM: Sound Velocity [Chen-Millero, m/s]
# name 9 = flag: flag
# span 0 =      0.000,    174.053       
# span 1 =   0.000082,   3.673676       
# span 2 =     6.0463,    13.3019       
# span 3 =      0.000,    172.663       
# span 4 =    1449.39,    1494.19       
# span 5 =     0.0068,    32.8078       
# span 6 =     0.0068,    32.8077       
# span 7 =    -0.6546,    25.8166       
# span 8 =    1449.39,    1494.19       
# span 9 = 0.0000e+00, 0.0000e+00       
# interval = seconds: 0.25
# start_time = Aug 09 2016 17:12:31 [System UpLoad Time]
# bad_flag = -9.990e-29
*END*
[from data line 865]
     10.199   3.637461    11.4230     10.121    1491.38    31.9751    31.9750    24.3461    1491.38 0.0000e+00
     10.406   3.632947    11.3849     10.327    1491.24    31.9638    31.9638    24.3442    1491.24 0.0000e+00
     10.612   3.629888    11.3248     10.531    1491.06    31.9858    31.9858    24.3720    1491.06 0.0000e+00
     10.823   3.630408    11.2510     10.740    1490.88    32.0549    32.0549    24.4389    1490.88 0.0000e+00
     11.026   3.632163    11.1846     10.942    1490.74    32.1299    32.1299    24.5090    1490.74 0.0000e+00
     11.250   3.634710    11.1481     11.164    1490.69    32.1868    32.1868    24.5597    1490.69 0.0000e+00
     11.470   3.634237    11.1298     11.383    1490.64    32.1980    32.1980    24.5717    1490.64 0.0000e+00
     11.695   3.633557    11.1138     11.606    1490.60    32.2052    32.2052    24.5801    1490.60 0.0000e+00
     11.925   3.631131    11.0976     11.834    1490.53    32.1954    32.1954    24.5754    1490.53 0.0000e+00
     12.154   3.630251    11.0768     12.061    1490.47    32.2048    32.2049    24.5864    1490.47 0.0000e+00
     12.390   3.630565    11.0584     12.296    1490.44    32.2239    32.2240    24.6045    1490.44 0.0000e+00
     12.628   3.632011    11.0478     12.532    1490.43    32.2475    32.2474    24.6246    1490.43 0.0000e+00
     12.897   3.634872    11.0468     12.799    1490.47    32.2764    32.2765    24.6474    1490.47 0.0000e+00
     13.170   3.636539    11.0568     13.070    1490.51    32.2840    32.2840    24.6515    1490.51 0.0000e+00
     13.467   3.635752    11.0695     13.364    1490.54    32.2649    32.2650    24.6345    1490.54 0.0000e+00
     13.743   3.635032    11.0732     13.639    1490.55    32.2545    32.2545    24.6257    1490.55 0.0000e+00
     14.027   3.634625    11.0705     13.920    1490.54    32.2527    32.2527    24.6248    1490.54 0.0000e+00
     14.305   3.634285    11.0663     14.196    1490.53    32.2529    32.2529    24.6257    1490.53 0.0000e+00
     14.580   3.633319    11.0623     14.469    1490.51    32.2468    32.2468    24.6216    1490.51 0.0000e+00
     14.830   3.627413    11.0554     14.718    1490.43    32.1945    32.1945    24.5821    1490.43 0.0000e+00
     15.094   3.620673    11.0283     14.979    1490.29    32.1516    32.1516    24.5535    1490.29 0.0000e+00
     15.336   3.617891    10.9800     15.219    1490.14    32.1663    32.1663    24.5735    1490.14 0.0000e+00
     15.585   3.617172    10.9375     15.467    1490.03    32.1964    32.1964    24.6043    1490.03 0.0000e+00
     15.834   3.616980    10.9101     15.714    1489.96    32.2184    32.2184    24.6263    1489.96 0.0000e+00
     16.067   3.616614    10.8948     15.945    1489.92    32.2281    32.2282    24.6365    1489.92 0.0000e+00
     16.303   3.614904    10.8838     16.179    1489.88    32.2207    32.2208    24.6327    1489.88 0.0000e+00
     16.531   3.613806    10.8699     16.405    1489.84    32.2220    32.2220    24.6361    1489.84 0.0000e+00
     16.764   3.613767    10.8575     16.636    1489.81    32.2324    32.2325    24.6464    1489.81 0.0000e+00
     16.989   3.612789    10.8488     16.860    1489.78    32.2303    32.2303    24.6462    1489.78 0.0000e+00
     17.218   3.610767    10.8402     17.087    1489.74    32.2178    32.2177    24.6379    1489.74 0.0000e+00
     17.464   3.609537    10.8273     17.331    1489.69    32.2168    32.2168    24.6394    1489.69 0.0000e+00
     17.726   3.606718    10.8134     17.591    1489.63    32.2009    32.2009    24.6295    1489.63 0.0000e+00
     17.993   3.604704    10.7941     17.856    1489.56    32.1978    32.1978    24.6304    1489.56 0.0000e+00
     18.253   3.602697    10.7733     18.114    1489.49    32.1961    32.1961    24.6327    1489.49 0.0000e+00
     18.531   3.595231    10.7518     18.390    1489.35    32.1407    32.1407    24.5933    1489.35 0.0000e+00
     18.809   3.587314    10.7079     18.666    1489.15    32.1004    32.1004    24.5696    1489.15 0.0000e+00
     19.093   3.584470    10.6436     18.948    1488.96    32.1286    32.1285    24.6025    1488.96 0.0000e+00
     19.377   3.584052    10.5887     19.229    1488.82    32.1726    32.1726    24.6463    1488.82 0.0000e+00
     19.653   3.583383    10.5565     19.504    1488.74    32.1942    32.1942    24.6686    1488.74 0.0000e+00
     19.930   3.583715    10.5382     19.778    1488.70    32.2136    32.2136    24.6868    1488.70 0.0000e+00
     20.197   3.584717    10.5300     20.043    1488.70    32.2307    32.2307    24.7016    1488.70 0.0000e+00
     20.450   3.583874    10.5300     20.294    1488.69    32.2222    32.2222    24.6950    1488.69 0.0000e+00
     20.690   3.581614    10.5275     20.532    1488.66    32.2017    32.2017    24.6794    1488.66 0.0000e+00
     20.928   3.578863    10.5153     20.769    1488.60    32.1849    32.1849    24.6684    1488.60 0.0000e+00
     21.143   3.575080    10.4955     20.982    1488.51    32.1645    32.1645    24.6559    1488.51 0.0000e+00
     21.368   3.567723    10.4639     21.205    1488.35    32.1187    32.1187    24.6256    1488.35 0.0000e+00
     21.590   3.566684    10.4150     21.426    1488.21    32.1514    32.1514    24.6594    1488.21 0.0000e+00
     21.807   3.565877    10.3799     21.640    1488.12    32.1743    32.1743    24.6831    1488.12 0.0000e+00
     22.041   3.564766    10.3584     21.873    1488.06    32.1821    32.1821    24.6928    1488.06 0.0000e+00
     22.267   3.563774    10.3431     22.097    1488.01    32.1855    32.1856    24.6982    1488.01 0.0000e+00
     22.496   3.563225    10.3308     22.324    1487.97    32.1909    32.1909    24.7044    1487.97 0.0000e+00
     22.730   3.562279    10.3216     22.557    1487.94    32.1894    32.1894    24.7048    1487.94 0.0000e+00
     22.960   3.551285    10.3095     22.785    1487.78    32.0897    32.0896    24.6291    1487.78 0.0000e+00
     23.178   3.527458    10.2488     23.001    1487.34    31.9038    31.9038    24.4944    1487.34 0.0000e+00
     23.382   3.517739    10.1076     23.203    1486.87    31.9302    31.9302    24.5385    1486.87 0.0000e+00
     23.591   3.515681     9.9717     23.411    1486.50    32.0295    32.0295    24.6384    1486.50 0.0000e+00
     23.800   3.515182     9.8847     23.618    1486.28    32.1017    32.1016    24.7090    1486.28 0.0000e+00
     23.998   3.514597     9.8392     23.815    1486.16    32.1361    32.1362    24.7433    1486.16 0.0000e+00
     24.209   3.513301     9.8168     24.024    1486.09    32.1429    32.1429    24.7522    1486.09 0.0000e+00
     24.416   3.514492     9.8068     24.230    1486.08    32.1638    32.1638    24.7702    1486.08 0.0000e+00
     24.615   3.512952     9.8015     24.427    1486.05    32.1528    32.1528    24.7625    1486.05 0.0000e+00
     24.860   3.510552     9.7931     24.670    1486.00    32.1358    32.1358    24.7506    1486.00 0.0000e+00
     25.144   3.509447     9.7780     24.952    1485.96    32.1379    32.1379    24.7547    1485.96 0.0000e+00
     25.458   3.508731     9.7632     25.264    1485.91    32.1437    32.1437    24.7616    1485.91 0.0000e+00
     25.815   3.506548     9.7517     25.618    1485.86    32.1316    32.1316    24.7540    1485.86 0.0000e+00
     26.195   3.503761     9.7367     25.995    1485.80    32.1165    32.1164    24.7447    1485.80 0.0000e+00
     26.586   3.502980     9.7142     26.383    1485.74    32.1284    32.1284    24.7577    1485.74 0.0000e+00
     26.993   3.501318     9.6955     26.787    1485.67    32.1280    32.1280    24.7604    1485.67 0.0000e+00
     27.370   3.499400     9.6778     27.161    1485.61    32.1241    32.1241    24.7602    1485.61 0.0000e+00
     27.712   3.496103     9.6578     27.500    1485.52    32.1082    32.1082    24.7510    1485.52 0.0000e+00
     28.006   3.491259     9.6283     27.792    1485.39    32.0850    32.0850    24.7377    1485.39 0.0000e+00
     28.246   3.487926     9.5834     28.031    1485.24    32.0910    32.0910    24.7496    1485.24 0.0000e+00
     28.435   3.486831     9.5375     28.218    1485.11    32.1207    32.1208    24.7802    1485.11 0.0000e+00
     28.579   3.486228     9.5041     28.361    1485.02    32.1445    32.1445    24.8040    1485.02 0.0000e+00
     28.683   3.485238     9.4819     28.464    1484.95    32.1542    32.1542    24.8152    1484.95 0.0000e+00
     28.757   3.485803     9.4661     28.538    1484.92    32.1741    32.1741    24.8333    1484.92 0.0000e+00
     28.834   3.485265     9.4594     28.613    1484.90    32.1746    32.1746    24.8347    1484.90 0.0000e+00
     28.917   3.483822     9.4549     28.696    1484.87    32.1638    32.1638    24.8270    1484.87 0.0000e+00
     29.016   3.482905     9.4441     28.794    1484.83    32.1641    32.1641    24.8289    1484.83 0.0000e+00
     29.156   3.482216     9.4316     28.933    1484.79    32.1682    32.1682    24.8341    1484.79 0.0000e+00
     29.356   3.480473     9.4204     29.131    1484.75    32.1602    32.1602    24.8297    1484.75 0.0000e+00
     29.627   3.476987     9.4046     29.400    1484.67    32.1385    32.1385    24.8153    1484.67 0.0000e+00
     29.943   3.472002     9.3747     29.714    1484.53    32.1141    32.1141    24.8009    1484.53 0.0000e+00
     30.301   3.468376     9.3279     30.070    1484.37    32.1187    32.1187    24.8119    1484.37 0.0000e+00
     30.652   3.459146     9.2734     30.418    1484.12    32.0725    32.0725    24.7844    1484.12 0.0000e+00
     31.009   3.453728     9.1944     30.772    1483.85    32.0875    32.0875    24.8085    1483.85 0.0000e+00
     31.378   3.449711     9.1091     31.138    1483.59    32.1227    32.1227    24.8494    1483.59 0.0000e+00
     31.698   3.447831     9.0366     31.456    1483.38    32.1685    32.1685    24.8965    1483.38 0.0000e+00
     31.994   3.445605     8.9833     31.750    1483.22    32.1935    32.1936    24.9243    1483.22 0.0000e+00
     32.258   3.443484     8.9425     32.011    1483.09    32.2084    32.2084    24.9422    1483.09 0.0000e+00
     32.493   3.442134     8.9071     32.244    1482.98    32.2263    32.2264    24.9617    1482.98 0.0000e+00
     32.698   3.441051     8.8797     32.448    1482.90    32.2399    32.2399    24.9765    1482.90 0.0000e+00
     32.880   3.440549     8.8596     32.629    1482.84    32.2529    32.2529    24.9897    1482.84 0.0000e+00
     33.042   3.437783     8.8437     32.789    1482.77    32.2384    32.2385    24.9809    1482.77 0.0000e+00
     33.208   3.435644     8.8207     32.953    1482.68    32.2370    32.2370    24.9833    1482.68 0.0000e+00
     33.388   3.434295     8.7945     33.132    1482.60    32.2467    32.2467    24.9949    1482.60 0.0000e+00
     33.597   3.434464     8.7723     33.340    1482.55    32.2685    32.2686    25.0154    1482.55 0.0000e+00
     33.801   3.433956     8.7595     33.542    1482.51    32.2749    32.2748    25.0223    1482.51 0.0000e+00
     34.026   3.433506     8.7519     33.766    1482.49    32.2770    32.2770    25.0251    1482.49 0.0000e+00
     34.264   3.432757     8.7454     34.002    1482.47    32.2750    32.2750    25.0245    1482.47 0.0000e+00
     34.514   3.430984     8.7385     34.249    1482.43    32.2627    32.2626    25.0159    1482.43 0.0000e+00
     34.770   3.427211     8.7235     34.504    1482.35    32.2368    32.2368    24.9979    1482.35 0.0000e+00
     35.019   3.423903     8.6913     34.751    1482.22    32.2314    32.2315    24.9986    1482.22 0.0000e+00
     35.263   3.420824     8.6523     34.993    1482.09    32.2347    32.2347    25.0071    1482.09 0.0000e+00
     35.517   3.415325     8.6090     35.245    1481.91    32.2165    32.2165    24.9994    1481.91 0.0000e+00
     35.763   3.412372     8.5541     35.489    1481.73    32.2355    32.2355    25.0225    1481.73 0.0000e+00
     36.010   3.409531     8.5020     35.735    1481.56    32.2532    32.2532    25.0442    1481.56 0.0000e+00
     36.281   3.407809     8.4583     36.004    1481.43    32.2750    32.2750    25.0677    1481.43 0.0000e+00
     36.563   3.406887     8.4239     36.283    1481.33    32.2967    32.2967    25.0899    1481.33 0.0000e+00
     36.845   3.404944     8.4005     36.563    1481.25    32.2976    32.2976    25.0940    1481.25 0.0000e+00
     37.138   3.401702     8.3772     36.853    1481.15    32.2846    32.2847    25.0874    1481.15 0.0000e+00
     37.427   3.393542     8.3418     37.140    1480.95    32.2310    32.2310    25.0505    1480.95 0.0000e+00
     37.718   3.389195     8.2746     37.429    1480.72    32.2466    32.2466    25.0727    1480.72 0.0000e+00
     37.993   3.387225     8.2017     37.702    1480.51    32.2926    32.2926    25.1194    1480.51 0.0000e+00
     38.249   3.385254     8.1463     37.956    1480.34    32.3227    32.3227    25.1511    1480.34 0.0000e+00
     38.484   3.382701     8.1055     38.189    1480.20    32.3331    32.3331    25.1652    1480.20 0.0000e+00
     38.695   3.381619     8.0694     38.398    1480.10    32.3548    32.3548    25.1875    1480.10 0.0000e+00
     38.879   3.379345     8.0409     38.581    1479.99    32.3569    32.3569    25.1933    1479.99 0.0000e+00
     39.050   3.377337     8.0126     38.750    1479.89    32.3617    32.3617    25.2011    1479.89 0.0000e+00
     39.204   3.375789     7.9840     38.904    1479.80    32.3716    32.3716    25.2130    1479.80 0.0000e+00
     39.361   3.371983     7.9549     39.059    1479.67    32.3580    32.3579    25.2065    1479.67 0.0000e+00
     39.512   3.371362     7.9210     39.209    1479.58    32.3827    32.3826    25.2307    1479.58 0.0000e+00
     39.683   3.369679     7.8948     39.378    1479.49    32.3889    32.3889    25.2394    1479.49 0.0000e+00
     39.852   3.365979     7.8715     39.546    1479.38    32.3710    32.3710    25.2286    1479.38 0.0000e+00
     40.041   3.364905     7.8374     39.734    1479.28    32.3911    32.3910    25.2493    1479.28 0.0000e+00
     40.246   3.363955     7.8092     39.938    1479.19    32.4070    32.4070    25.2658    1479.19 0.0000e+00
     40.467   3.362849     7.7895     40.156    1479.13    32.4134    32.4134    25.2736    1479.13 0.0000e+00
     40.705   3.361744     7.7712     40.393    1479.07    32.4185    32.4185    25.2802    1479.07 0.0000e+00
     40.963   3.360400     7.7538     40.649    1479.01    32.4201    32.4201    25.2840    1479.01 0.0000e+00
     41.223   3.358939     7.7366     40.907    1478.95    32.4204    32.4204    25.2866    1478.95 0.0000e+00
     41.509   3.356639     7.7177     41.190    1478.87    32.4132    32.4132    25.2836    1478.87 0.0000e+00
     41.794   3.354462     7.6921     41.474    1478.78    32.4136    32.4136    25.2875    1478.78 0.0000e+00
     42.089   3.352408     7.6632     41.766    1478.68    32.4183    32.4183    25.2953    1478.68 0.0000e+00
     42.396   3.351097     7.6357     42.071    1478.59    32.4298    32.4297    25.3082    1478.59 0.0000e+00
     42.720   3.349781     7.6110     42.392    1478.52    32.4385    32.4385    25.3185    1478.52 0.0000e+00
     43.033   3.349193     7.5893     42.703    1478.45    32.4523    32.4523    25.3324    1478.45 0.0000e+00
     43.335   3.348987     7.5734     43.002    1478.41    32.4647    32.4648    25.3444    1478.41 0.0000e+00
     43.640   3.348781     7.5632     43.305    1478.39    32.4720    32.4719    25.3515    1478.39 0.0000e+00
     43.906   3.348761     7.5569     43.569    1478.38    32.4775    32.4775    25.3567    1478.38 0.0000e+00
     44.152   3.348923     7.5540     43.813    1478.37    32.4819    32.4818    25.3605    1478.37 0.0000e+00
     44.388   3.348910     7.5528     44.047    1478.37    32.4827    32.4827    25.3614    1478.37 0.0000e+00
     44.597   3.348742     7.5524     44.255    1478.37    32.4812    32.4812    25.3602    1478.37 0.0000e+00
     44.775   3.348717     7.5518     44.432    1478.38    32.4814    32.4814    25.3605    1478.38 0.0000e+00
     44.950   3.349007     7.5513     44.605    1478.38    32.4849    32.4849    25.3633    1478.38 0.0000e+00
