data/input/seabird/_2013_192_124923test.cnv
* Sea-Bird SBE19Plus Data File:
* FileName = c:\velocity\CATFILES\\2013_192_124923.HEX
* Software Version 12.3(r3782)
* Temperature SN = 4677
* Conductivity SN = 4677
* System UpLoad Time = Jul 11 2013 13:01:09
* DS
* SeacatPlus V 1.6b  SERIAL NO. 4677    11 Jul 2013  13:00:45
# nquan = 5
# nvalues = 1520                                  
# units = specified
# name 0 = depSM: Depth [salt water, m]
# name 1 = svCM: Sound Velocity [Chen-Millero, m/s]
# name 2 = sal00: Salinity, Practical [PSU]
# name 3 = tv290C: Temperature [ITS-90, deg C]
# name 4 = flag:  0.000e+00
# span 0 =     -0.033,     16.088                 
# span 1 =    1497.34,    1515.58                 
# span 2 =     0.1570,    12.5749                 
# span 3 =    25.0699,    27.1823                 
# span 4 = 0.0000e+00, 0.0000e+00                 
# interval = seconds: 0.25
# start_time = Jul 11 2013 13:01:09
# bad_flag = -9.990e-29
*END*
[from data line 1143]
      0.863    1515.11    12.0925    27.0909  0.000e+00
      0.871    1515.11    12.0926    27.0903  0.000e+00
      0.878    1515.11    12.0921    27.0903  0.000e+00
      0.875    1515.10    12.0917    27.0896  0.000e+00
      0.869    1515.10    12.0921    27.0893  0.000e+00
      0.863    1515.10    12.0921    27.0890  0.000e+00
      0.857    1515.10    12.0912    27.0892  0.000e+00
      0.852    1515.10    12.0912    27.0889  0.000e+00
      0.846    1515.10    12.0915    27.0888  0.000e+00
      0.842    1515.10    12.0908    27.0887  0.000e+00
      0.850    1515.10    12.0908    27.0885  0.000e+00
      0.861    1515.10    12.0914    27.0884  0.000e+00
      0.863    1515.10    12.0913    27.0888  0.000e+00
      0.864    1515.10    12.0914    27.0890  0.000e+00
      0.870    1515.10    12.0914    27.0891  0.000e+00
      0.874    1515.10    12.0916    27.0889  0.000e+00
      0.881    1515.10    12.0919    27.0893  0.000e+00
      0.879    1515.10    12.0928    27.0891  0.000e+00
      0.866    1515.11    12.0934    27.0897  0.000e+00
      0.844    1515.11    12.0936    27.0906  0.000e+00
      0.841    1515.11    12.0933    27.0910  0.000e+00
      0.852    1515.11    12.0929    27.0916  0.000e+00
      0.858    1515.11    12.0933    27.0916  0.000e+00
      0.856    1515.11    12.0937    27.0918  0.000e+00
      0.854    1515.11    12.0941    27.0920  0.000e+00
      0.850    1515.11    12.0939    27.0927  0.000e+00
      0.860    1515.11    12.0936    27.0927  0.000e+00
      0.876    1515.11    12.0938    27.0925  0.000e+00
      0.888    1515.11    12.0941    27.0925  0.000e+00
      0.883    1515.11    12.0941    27.0925  0.000e+00
      0.859    1515.11    12.0936    27.0929  0.000e+00
      0.844    1515.11    12.0938    27.0929  0.000e+00
      0.844    1515.11    12.0945    27.0925  0.000e+00
      0.859    1515.12    12.0942    27.0931  0.000e+00
      0.871    1515.12    12.0942    27.0931  0.000e+00
      0.878    1515.12    12.0941    27.0931  0.000e+00
      0.872    1515.11    12.0940    27.0929  0.000e+00
      0.859    1515.11    12.0943    27.0926  0.000e+00
      0.845    1515.12    12.0948    27.0930  0.000e+00
      0.846    1515.12    12.0947    27.0933  0.000e+00
      0.855    1515.12    12.0946    27.0935  0.000e+00
      0.862    1515.12    12.0949    27.0938  0.000e+00
      0.863    1515.12    12.0951    27.0941  0.000e+00
      0.857    1515.12    12.0950    27.0942  0.000e+00
      0.865    1515.12    12.0945    27.0945  0.000e+00
      0.873    1515.12    12.0938    27.0943  0.000e+00
      0.880    1515.12    12.0934    27.0943  0.000e+00
      0.884    1515.12    12.0940    27.0937  0.000e+00
      0.876    1515.12    12.0939    27.0941  0.000e+00
      0.859    1515.12    12.0943    27.0941  0.000e+00
      0.848    1515.12    12.0943    27.0944  0.000e+00
      0.840    1515.12    12.0946    27.0944  0.000e+00
      0.844    1515.12    12.0945    27.0946  0.000e+00
      0.852    1515.12    12.0947    27.0946  0.000e+00
      0.862    1515.12    12.0949    27.0947  0.000e+00
      0.871    1515.12    12.0949    27.0946  0.000e+00
      0.877    1515.12    12.0948    27.0949  0.000e+00
      0.877    1515.12    12.0955    27.0949  0.000e+00
      0.871    1515.12    12.0956    27.0949  0.000e+00
      0.868    1515.12    12.0955    27.0947  0.000e+00
      0.868    1515.12    12.0959    27.0948  0.000e+00
      0.860    1515.12    12.0958    27.0946  0.000e+00
      0.850    1515.12    12.0960    27.0947  0.000e+00
      0.843    1515.12    12.0960    27.0949  0.000e+00
      0.843    1515.12    12.0965    27.0947  0.000e+00
      0.851    1515.12    12.0968    27.0950  0.000e+00
      0.865    1515.12    12.0967    27.0954  0.000e+00
      0.873    1515.13    12.0976    27.0956  0.000e+00
      0.875    1515.13    12.1011    27.0963  0.000e+00
      0.882    1515.13    12.1009    27.0979  0.000e+00
      0.880    1515.14    12.1035    27.0995  0.000e+00
      0.868    1515.15    12.1049    27.1015  0.000e+00
      0.854    1515.16    12.1070    27.1044  0.000e+00
      0.837    1515.16    12.1046    27.1072  0.000e+00
      0.824    1515.16    12.1017    27.1078  0.000e+00
      0.838    1515.16    12.1017    27.1063  0.000e+00
      0.864    1515.15    12.1002    27.1051  0.000e+00
      0.880    1515.14    12.0960    27.1034  0.000e+00
      0.879    1515.14    12.0962    27.1009  0.000e+00
      0.869    1515.13    12.0978    27.0989  0.000e+00
      0.850    1515.13    12.0979    27.0982  0.000e+00
      0.847    1515.13    12.0982    27.0978  0.000e+00
      0.860    1515.13    12.0982    27.0978  0.000e+00
      0.869    1515.13    12.0984    27.0976  0.000e+00
      0.873    1515.13    12.0975    27.0978  0.000e+00
      0.862    1515.13    12.0969    27.0976  0.000e+00
      0.842    1515.13    12.0955    27.0967  0.000e+00
      0.835    1515.12    12.0957    27.0959  0.000e+00
      0.849    1515.12    12.0964    27.0955  0.000e+00
      0.867    1515.12    12.0949    27.0954  0.000e+00
      0.874    1515.12    12.0944    27.0946  0.000e+00
      0.870    1515.12    12.0946    27.0941  0.000e+00
      0.855    1515.12    12.0950    27.0934  0.000e+00
      0.848    1515.12    12.0962    27.0935  0.000e+00
      0.859    1515.12    12.0977    27.0939  0.000e+00
      0.867    1515.13    12.1009    27.0951  0.000e+00
      0.872    1515.13    12.1002    27.0972  0.000e+00
      0.865    1515.14    12.0998    27.0988  0.000e+00
      0.851    1515.14    12.0990    27.0994  0.000e+00
      0.842    1515.14    12.0985    27.0996  0.000e+00
      0.845    1515.13    12.0983    27.0991  0.000e+00
      0.857    1515.13    12.0987    27.0989  0.000e+00
      0.870    1515.13    12.0991    27.0988  0.000e+00
      0.871    1515.13    12.0980    27.0990  0.000e+00
      0.868    1515.13    12.0970    27.0990  0.000e+00
      0.866    1515.13    12.0968    27.0991  0.000e+00
      0.864    1515.13    12.0962    27.1001  0.000e+00
      0.862    1515.14    12.0958    27.1008  0.000e+00
      0.863    1515.14    12.0949    27.1023  0.000e+00
      0.858    1515.14    12.0967    27.1032  0.000e+00
      0.853    1515.15    12.0982    27.1045  0.000e+00
      0.849    1515.15    12.0986    27.1053  0.000e+00
      0.851    1515.15    12.0990    27.1063  0.000e+00
      0.860    1515.15    12.0996    27.1066  0.000e+00
      0.874    1515.15    12.1000    27.1063  0.000e+00
      0.885    1515.15    12.0996    27.1061  0.000e+00
      0.884    1515.15    12.0991    27.1054  0.000e+00
      0.881    1515.15    12.0993    27.1051  0.000e+00
      0.871    1515.15    12.0991    27.1047  0.000e+00
      0.862    1515.15    12.0995    27.1039  0.000e+00
      0.853    1515.14    12.0977    27.1036  0.000e+00
      0.844    1515.14    12.0958    27.1029  0.000e+00
      0.837    1515.13    12.0939    27.1014  0.000e+00
      0.840    1515.13    12.0967    27.0998  0.000e+00
      0.852    1515.13    12.0969    27.0993  0.000e+00
      0.867    1515.13    12.0947    27.0996  0.000e+00
      0.880    1515.13    12.0939    27.0993  0.000e+00
      0.889    1515.13    12.0935    27.0991  0.000e+00
      0.888    1515.13    12.0931    27.0996  0.000e+00
      0.884    1515.13    12.0929    27.1004  0.000e+00
      0.873    1515.13    12.0931    27.1014  0.000e+00
      0.856    1515.14    12.0934    27.1023  0.000e+00
      0.842    1515.14    12.0931    27.1022  0.000e+00
      0.836    1515.13    12.0936    27.1007  0.000e+00
      0.845    1515.13    12.0937    27.1000  0.000e+00
      0.856    1515.13    12.0931    27.0995  0.000e+00
      0.868    1515.13    12.0949    27.0997  0.000e+00
      0.872    1515.13    12.0952    27.0997  0.000e+00
      0.871    1515.13    12.0933    27.1009  0.000e+00
      0.872    1515.14    12.0925    27.1023  0.000e+00
      0.877    1515.14    12.0940    27.1025  0.000e+00
      0.882    1515.14    12.0956    27.1013  0.000e+00
      0.880    1515.13    12.0964    27.1001  0.000e+00
      0.868    1515.13    12.0967    27.0995  0.000e+00
      0.852    1515.13    12.0950    27.0994  0.000e+00
      0.845    1515.13    12.0955    27.0996  0.000e+00
      0.846    1515.13    12.0956    27.0997  0.000e+00
      0.859    1515.13    12.0964    27.0994  0.000e+00
      0.868    1515.13    12.0984    27.0992  0.000e+00
      0.871    1515.14    12.0995    27.0999  0.000e+00
      0.870    1515.14    12.0985    27.1004  0.000e+00
      0.866    1515.14    12.0982    27.1006  0.000e+00
      0.863    1515.14    12.0983    27.1007  0.000e+00
      0.875    1515.14    12.0984    27.1004  0.000e+00
      0.885    1515.14    12.0983    27.1003  0.000e+00
      0.885    1515.14    12.0984    27.1003  0.000e+00
      0.873    1515.14    12.0986    27.1003  0.000e+00
      0.858    1515.14    12.0981    27.1004  0.000e+00
      0.843    1515.14    12.0981    27.1000  0.000e+00
      0.851    1515.13    12.0981    27.0994  0.000e+00
      0.871    1515.13    12.0973    27.0991  0.000e+00
      0.887    1515.13    12.0969    27.0985  0.000e+00
      0.893    1515.13    12.0971    27.0981  0.000e+00
      0.888    1515.13    12.0962    27.0978  0.000e+00
      0.872    1515.13    12.0968    27.0971  0.000e+00
      0.862    1515.13    12.0968    27.0967  0.000e+00
      0.862    1515.13    12.0971    27.0967  0.000e+00
      0.868    1515.13    12.0967    27.0965  0.000e+00
      0.875    1515.12    12.0953    27.0964  0.000e+00
      0.880    1515.12    12.0953    27.0955  0.000e+00
      0.875    1515.12    12.0957    27.0950  0.000e+00
      0.869    1515.12    12.0952    27.0946  0.000e+00
      0.876    1515.12    12.0949    27.0942  0.000e+00
      0.895    1515.12    12.0954    27.0938  0.000e+00
      0.907    1515.12    12.0958    27.0938  0.000e+00
      0.909    1515.12    12.0954    27.0939  0.000e+00
      0.908    1515.12    12.0954    27.0938  0.000e+00
      0.905    1515.12    12.0954    27.0936  0.000e+00
      0.903    1515.12    12.0946    27.0938  0.000e+00
      0.904    1515.12    12.0950    27.0936  0.000e+00
      0.908    1515.12    12.0953    27.0937  0.000e+00
      0.913    1515.12    12.0953    27.0936  0.000e+00
      0.922    1515.12    12.0951    27.0935  0.000e+00
      0.930    1515.12    12.0946    27.0937  0.000e+00
      0.935    1515.12    12.0947    27.0932  0.000e+00
      0.930    1515.12    12.0948    27.0930  0.000e+00
      0.925    1515.12    12.0942    27.0928  0.000e+00
      0.918    1515.11    12.0934    27.0925  0.000e+00
      0.918    1515.11    12.0931    27.0919  0.000e+00
      0.920    1515.11    12.0933    27.0917  0.000e+00
      0.919    1515.11    12.0934    27.0911  0.000e+00
      0.918    1515.11    12.0935    27.0912  0.000e+00
      0.915    1515.11    12.0938    27.0909  0.000e+00
      0.919    1515.11    12.0940    27.0911  0.000e+00
      0.932    1515.11    12.0948    27.0911  0.000e+00
      0.931    1515.12    12.0965    27.0919  0.000e+00
      0.931    1515.12    12.0972    27.0931  0.000e+00
      0.931    1515.12    12.0969    27.0944  0.000e+00
      0.927    1515.12    12.0963    27.0952  0.000e+00
      0.935    1515.12    12.0959    27.0953  0.000e+00
      0.951    1515.12    12.0962    27.0947  0.000e+00
      0.949    1515.12    12.0966    27.0946  0.000e+00
      0.942    1515.12    12.0960    27.0950  0.000e+00
      0.929    1515.12    12.0962    27.0948  0.000e+00
      0.917    1515.12    12.0966    27.0951  0.000e+00
      0.927    1515.12    12.0961    27.0955  0.000e+00
      0.952    1515.12    12.0955    27.0953  0.000e+00
      0.979    1515.12    12.0956    27.0949  0.000e+00
      0.991    1515.12    12.0957    27.0951  0.000e+00
      1.022    1515.12    12.0948    27.0950  0.000e+00
      1.097    1515.12    12.0904    27.0942  0.000e+00
      1.189    1515.12    12.0913    27.0922  0.000e+00
      1.276    1515.11    12.0916    27.0904  0.000e+00
      1.373    1515.11    12.0901    27.0893  0.000e+00
      1.490    1515.11    12.0875    27.0886  0.000e+00
      1.589    1515.11    12.0895    27.0879  0.000e+00
      1.658    1515.11    12.0893    27.0883  0.000e+00
      1.728    1515.11    12.0902    27.0885  0.000e+00
      1.824    1515.12    12.0921    27.0895  0.000e+00
      1.937    1515.13    12.0919    27.0909  0.000e+00
      2.072    1515.13    12.0944    27.0918  0.000e+00
      2.211    1515.14    12.0912    27.0933  0.000e+00
      2.311    1515.14    12.0902    27.0938  0.000e+00
      2.340    1515.14    12.0923    27.0933  0.000e+00
      2.350    1515.14    12.0927    27.0938  0.000e+00
      2.396    1515.14    12.0947    27.0943  0.000e+00
      2.467    1515.15    12.0944    27.0951  0.000e+00
      2.535    1515.15    12.0935    27.0958  0.000e+00
      2.616    1515.16    12.0982    27.0960  0.000e+00
      2.725    1515.18    12.1122    27.0988  0.000e+00
      2.836    1515.19    12.1058    27.1061  0.000e+00
      2.944    1515.19    12.0979    27.1087  0.000e+00
      3.036    1515.20    12.1035    27.1073  0.000e+00
      3.078    1515.19    12.0990    27.1069  0.000e+00
      3.097    1515.19    12.0997    27.1060  0.000e+00
      3.149    1515.19    12.1018    27.1056  0.000e+00
      3.211    1515.20    12.1055    27.1063  0.000e+00
      3.264    1515.22    12.1142    27.1087  0.000e+00
      3.322    1515.22    12.1084    27.1129  0.000e+00
      3.394    1515.24    12.1191    27.1148  0.000e+00
      3.457    1515.25    12.1168    27.1193  0.000e+00
      3.486    1515.25    12.1114    27.1225  0.000e+00
      3.509    1515.25    12.1154    27.1223  0.000e+00
      3.559    1515.26    12.1155    27.1232  0.000e+00
      3.630    1515.26    12.1174    27.1241  0.000e+00
      3.708    1515.27    12.1198    27.1255  0.000e+00
      3.792    1515.28    12.1215    27.1278  0.000e+00
      3.890    1515.29    12.1280    27.1302  0.000e+00
      3.990    1515.31    12.1369    27.1347  0.000e+00
      4.087    1515.33    12.1377    27.1405  0.000e+00
      4.156    1515.34    12.1376    27.1448  0.000e+00
      4.176    1515.35    12.1343    27.1476  0.000e+00
      4.195    1515.34    12.1308    27.1479  0.000e+00
      4.287    1515.34    12.1278    27.1466  0.000e+00
      4.459    1515.33    12.1218    27.1445  0.000e+00
      4.632    1515.34    12.1323    27.1418  0.000e+00
      4.761    1515.35    12.1370    27.1423  0.000e+00
      4.865    1515.36    12.1380    27.1450  0.000e+00
      4.947    1515.36    12.1360    27.1474  0.000e+00
      5.021    1515.36    12.1345    27.1486  0.000e+00
      5.091    1515.37    12.1360    27.1482  0.000e+00
      5.176    1515.37    12.1417    27.1484  0.000e+00
      5.272    1515.42    12.1714    27.1520  0.000e+00
      5.391    1515.44    12.1717    27.1622  0.000e+00
      5.547    1515.47    12.1764    27.1685  0.000e+00
      5.697    1515.48    12.1846    27.1715  0.000e+00
      5.813    1515.50    12.1870    27.1749  0.000e+00
      5.912    1515.51    12.1884    27.1777  0.000e+00
      6.014    1515.51    12.1881    27.1796  0.000e+00
      6.123    1515.52    12.1894    27.1809  0.000e+00
      6.251    1515.52    12.1887    27.1815  0.000e+00
      6.398    1515.53    12.1907    27.1821  0.000e+00
      6.563    1515.54    12.1947    27.1823  0.000e+00
      6.697    1515.54    12.2011    27.1812  0.000e+00
      6.797    1515.54    12.2038    27.1789  0.000e+00
      6.879    1515.54    12.2065    27.1766  0.000e+00
      6.952    1515.54    12.2076    27.1743  0.000e+00
      7.010    1515.53    12.2077    27.1728  0.000e+00
      7.045    1515.53    12.2080    27.1720  0.000e+00
      7.051    1515.53    12.2079    27.1720  0.000e+00
      7.055    1515.53    12.2077    27.1721  0.000e+00
      7.099    1515.53    12.2077    27.1722  0.000e+00
      7.188    1515.54    12.2079    27.1722  0.000e+00
      7.346    1515.54    12.2086    27.1718  0.000e+00
      7.549    1515.54    12.2093    27.1714  0.000e+00
