data/input/seabird/_2013_192_124923test.cnv
* Sea-Bird SBE19Plus Data File:
* FileName = c:\velocity\CATFILES\\2013_192_124923.HEX
* Software Version 12.3(r3782)
* Temperature SN = 4677
* Conductivity SN = 4677
* System UpLoad Time = Jul 11 2013 13:01:09
* DS
* SeacatPlus V 1.6b  SERIAL NO. 4677    11 Jul 2013  13:00:45
# nquan = 5
# nvalues = 1520                                  
# units = specified
# name 0 = depSM: Depth [salt water, m]
# name 1 = svCM: Sound Velocity [Chen-Millero, m/s]
# name 2 = sal00: Salinity, Practical [PSU]
# name 3 = tv290C: Temperature [ITS-90, deg C]
# name 4 = flag:  0.000e+00
# span 0 =     -0.033,     16.088                 
# span 1 =    1497.34,    1515.58                 
# span 2 =     0.1570,    12.5749                 
# span 3 =    25.0699,    27.1823                 
# span 4 = 0.0000e+00, 0.0000e+00                 
# interval = seconds: 0.25
# start_time = Jul 11 2013 13:01:09
# bad_flag = -9.990e-29
*END*
[from data line 286]
     -0.017    1497.66     0.2655    25.2460  0.000e+00
     -0.019    1497.66     0.2662    25.2453  0.000e+00
     -0.018    1497.66     0.2669    25.2445  0.000e+00
     -0.018    1497.65     0.2676    25.2438  0.000e+00
     -0.019    1497.65     0.2682    25.2427  0.000e+00
     -0.018    1497.65     0.2688    25.2420  0.000e+00
     -0.019    1497.65     0.2695    25.2411  0.000e+00
     -0.019    1497.65     0.2703    25.2402  0.000e+00
     -0.018    1497.65     0.2713    25.2394  0.000e+00
     -0.018    1497.64     0.2722    25.2380  0.000e+00
     -0.018    1497.64     0.2731    25.2372  0.000e+00
     -0.021    1497.64     0.2740    25.2360  0.000e+00
     -0.019    1497.64     0.2748    25.2351  0.000e+00
     -0.017    1497.64     0.2757    25.2344  0.000e+00
     -0.019    1497.64     0.2764    25.2333  0.000e+00
     -0.018    1497.63     0.2771    25.2325  0.000e+00
     -0.018    1497.63     0.2778    25.2319  0.000e+00
     -0.017    1497.63     0.2783    25.2314  0.000e+00
     -0.018    1497.63     0.2789    25.2305  0.000e+00
     -0.021    1497.63     0.2796    25.2297  0.000e+00
     -0.018    1497.63     0.2805    25.2286  0.000e+00
     -0.017    1497.63     0.2814    25.2275  0.000e+00
     -0.017    1497.63     0.2821    25.2268  0.000e+00
     -0.018    1497.62     0.2828    25.2256  0.000e+00
     -0.018    1497.62     0.2833    25.2250  0.000e+00
     -0.019    1497.62     0.2840    25.2236  0.000e+00
     -0.021    1497.62     0.2848    25.2225  0.000e+00
     -0.018    1497.61     0.2853    25.2214  0.000e+00
     -0.017    1497.61     0.2857    25.2203  0.000e+00
     -0.019    1497.61     0.2862    25.2195  0.000e+00
     -0.016    1497.61     0.2866    25.2186  0.000e+00
     -0.017    1497.61     0.2872    25.2180  0.000e+00
     -0.018    1497.61     0.2877    25.2172  0.000e+00
     -0.018    1497.60     0.2881    25.2164  0.000e+00
     -0.017    1497.60     0.2884    25.2155  0.000e+00
     -0.017    1497.60     0.2885    25.2142  0.000e+00
     -0.019    1497.60     0.2886    25.2133  0.000e+00
     -0.019    1497.59     0.2888    25.2124  0.000e+00
     -0.019    1497.59     0.2891    25.2114  0.000e+00
     -0.017    1497.59     0.2892    25.2105  0.000e+00
     -0.019    1497.59     0.2892    25.2093  0.000e+00
     -0.019    1497.58     0.2892    25.2074  0.000e+00
     -0.018    1497.58     0.2893    25.2052  0.000e+00
     -0.018    1497.57     0.2895    25.2037  0.000e+00
     -0.018    1497.57     0.2897    25.2030  0.000e+00
     -0.017    1497.57     0.2898    25.2022  0.000e+00
     -0.018    1497.57     0.2897    25.2012  0.000e+00
     -0.018    1497.56     0.2896    25.2000  0.000e+00
     -0.019    1497.56     0.2897    25.1989  0.000e+00
     -0.018    1497.56     0.2898    25.1981  0.000e+00
     -0.016    1497.55     0.2899    25.1970  0.000e+00
     -0.017    1497.55     0.2899    25.1961  0.000e+00
     -0.017    1497.55     0.2901    25.1945  0.000e+00
     -0.018    1497.55     0.2902    25.1934  0.000e+00
     -0.019    1497.54     0.2903    25.1925  0.000e+00
     -0.017    1497.54     0.2903    25.1918  0.000e+00
     -0.019    1497.54     0.2905    25.1911  0.000e+00
     -0.016    1497.54     0.2907    25.1908  0.000e+00
     -0.018    1497.54     0.2911    25.1898  0.000e+00
     -0.017    1497.54     0.2914    25.1892  0.000e+00
     -0.017    1497.53     0.2914    25.1882  0.000e+00
     -0.018    1497.53     0.2911    25.1873  0.000e+00
     -0.016    1497.53     0.2908    25.1863  0.000e+00
     -0.018    1497.52     0.2907    25.1853  0.000e+00
     -0.019    1497.52     0.2912    25.1843  0.000e+00
     -0.017    1497.52     0.2912    25.1836  0.000e+00
     -0.021    1497.56     0.3293    25.1823  0.000e+00
     -0.027    1497.71     0.4654    25.1816  0.000e+00
     -0.033    1497.69     0.4517    25.1809  0.000e+00
     -0.030    1497.64     0.4118    25.1796  0.000e+00
     -0.026    1497.62     0.3940    25.1782  0.000e+00
     -0.028    1497.62     0.3935    25.1775  0.000e+00
     -0.027    1497.62     0.3935    25.1761  0.000e+00
     -0.027    1497.61     0.4013    25.1697  0.000e+00
     -0.028    1497.61     0.4188    25.1645  0.000e+00
     -0.028    1497.61     0.4280    25.1606  0.000e+00
     -0.027    1497.62     0.4464    25.1539  0.000e+00
     -0.026    1497.57     0.4316    25.1441  0.000e+00
     -0.026    1497.54     0.4331    25.1329  0.000e+00
     -0.030    1497.51     0.4518    25.1122  0.000e+00
     -0.030    1497.46     0.4662    25.0873  0.000e+00
     -0.028    1497.42     0.4621    25.0732  0.000e+00
     -0.028    1497.39     0.4446    25.0704  0.000e+00
     -0.027    1497.37     0.4235    25.0699  0.000e+00
     -0.025    1497.34     0.4028    25.0702  0.000e+00
     -0.027    1497.34     0.4014    25.0709  0.000e+00
     -0.029    1497.34     0.4006    25.0715  0.000e+00
     -0.026    1497.35     0.4000    25.0734  0.000e+00
     -0.028    1497.37     0.4169    25.0746  0.000e+00
     -0.026    1497.38     0.4229    25.0759  0.000e+00
     -0.030    1497.41     0.4469    25.0771  0.000e+00
     -0.027    1497.41     0.4437    25.0780  0.000e+00
     -0.027    1497.44     0.4672    25.0789  0.000e+00
     -0.026    1497.49     0.5131    25.0791  0.000e+00
     -0.028    1497.53     0.5437    25.0799  0.000e+00
      0.003    1501.09     3.7610    25.0900  0.000e+00
      0.076    1506.66     7.8941    25.5085  0.000e+00
      0.167    1511.29    10.7463    26.1284  0.000e+00
      0.256    1513.82    12.1881    26.5269  0.000e+00
      0.368    1514.35    12.1458    26.7616  0.000e+00
      0.485    1514.66    12.1188    26.8975  0.000e+00
      0.574    1514.82    12.0887    26.9746  0.000e+00
      0.633    1514.89    12.0679    27.0134  0.000e+00
      0.663    1514.90    12.0432    27.0285  0.000e+00
      0.652    1514.87    12.0240    27.0262  0.000e+00
      0.631    1514.86    12.0219    27.0211  0.000e+00
      0.617    1514.87    12.0382    27.0170  0.000e+00
      0.614    1514.87    12.0421    27.0153  0.000e+00
      0.630    1514.87    12.0453    27.0152  0.000e+00
      0.673    1514.87    12.0510    27.0140  0.000e+00
      0.717    1514.83    12.0249    27.0082  0.000e+00
      0.754    1514.80    12.0033    27.0033  0.000e+00
      0.785    1514.79    12.0051    26.9994  0.000e+00
      0.796    1514.75    12.0145    26.9791  0.000e+00
      0.797    1514.59    12.0211    26.9101  0.000e+00
      0.797    1514.43    12.0299    26.8415  0.000e+00
      0.801    1514.35    12.0467    26.8026  0.000e+00
      0.806    1514.36    12.0595    26.8001  0.000e+00
      0.816    1514.45    12.0607    26.8333  0.000e+00
      0.819    1514.53    12.0550    26.8708  0.000e+00
      0.820    1514.59    12.0534    26.8939  0.000e+00
      0.820    1514.65    12.0579    26.9166  0.000e+00
      0.834    1514.70    12.0571    26.9405  0.000e+00
      0.836    1514.70    12.0141    26.9587  0.000e+00
      0.819    1514.74    12.0138    26.9729  0.000e+00
      0.809    1514.79    12.0338    26.9841  0.000e+00
      0.805    1514.82    12.0508    26.9917  0.000e+00
      0.814    1514.85    12.0533    27.0022  0.000e+00
      0.834    1514.86    12.0482    27.0088  0.000e+00
      0.869    1514.86    12.0485    27.0081  0.000e+00
      0.888    1514.81    12.0036    27.0082  0.000e+00
      0.889    1514.81    11.9958    27.0095  0.000e+00
      0.883    1514.79    11.9984    27.0028  0.000e+00
      0.874    1514.79    12.0188    26.9938  0.000e+00
      0.869    1514.80    12.0346    26.9893  0.000e+00
      0.864    1514.82    12.0469    26.9908  0.000e+00
      0.863    1514.83    12.0506    26.9957  0.000e+00
      0.866    1514.84    12.0462    27.0012  0.000e+00
      0.865    1514.83    12.0315    27.0014  0.000e+00
      0.860    1514.81    12.0301    26.9946  0.000e+00
      0.865    1514.81    12.0394    26.9919  0.000e+00
      0.882    1514.84    12.0522    26.9977  0.000e+00
      0.899    1514.86    12.0502    27.0056  0.000e+00
      0.907    1514.85    12.0315    27.0102  0.000e+00
      0.902    1514.81    12.0046    27.0081  0.000e+00
      0.882    1514.81    12.0060    27.0077  0.000e+00
      0.867    1514.85    12.0348    27.0099  0.000e+00
      0.859    1514.88    12.0505    27.0138  0.000e+00
      0.863    1514.89    12.0525    27.0183  0.000e+00
      0.868    1514.89    12.0473    27.0210  0.000e+00
      0.875    1514.87    12.0376    27.0185  0.000e+00
      0.881    1514.86    12.0309    27.0137  0.000e+00
      0.884    1514.84    12.0285    27.0097  0.000e+00
      0.879    1514.84    12.0296    27.0070  0.000e+00
      0.874    1514.83    12.0314    27.0050  0.000e+00
      0.871    1514.85    12.0444    27.0061  0.000e+00
      0.878    1514.87    12.0521    27.0105  0.000e+00
      0.889    1514.88    12.0498    27.0160  0.000e+00
      0.891    1514.86    12.0269    27.0177  0.000e+00
      0.886    1514.82    12.0000    27.0127  0.000e+00
      0.870    1514.82    11.9965    27.0125  0.000e+00
      0.859    1514.85    12.0223    27.0156  0.000e+00
      0.864    1514.88    12.0416    27.0199  0.000e+00
      0.873    1514.90    12.0448    27.0259  0.000e+00
      0.883    1514.89    12.0306    27.0296  0.000e+00
      0.893    1514.86    12.0007    27.0286  0.000e+00
      0.891    1514.85    11.9909    27.0274  0.000e+00
      0.892    1514.85    12.0027    27.0251  0.000e+00
      0.896    1514.84    12.0290    27.0096  0.000e+00
      0.898    1514.83    12.0423    26.9964  0.000e+00
      0.898    1514.82    12.0366    26.9948  0.000e+00
      0.885    1514.79    12.0134    26.9942  0.000e+00
      0.868    1514.78    11.9998    26.9946  0.000e+00
      0.854    1514.79    12.0086    26.9986  0.000e+00
      0.856    1514.83    12.0314    27.0034  0.000e+00
      0.874    1514.84    12.0341    27.0071  0.000e+00
      0.897    1514.82    12.0107    27.0092  0.000e+00
      0.907    1514.80    11.9857    27.0105  0.000e+00
      0.909    1514.78    11.9743    27.0085  0.000e+00
      0.908    1514.72    11.9843    26.9792  0.000e+00
      0.901    1514.64    12.0174    26.9303  0.000e+00
      0.890    1514.57    12.0450    26.8923  0.000e+00
      0.876    1514.55    12.0514    26.8798  0.000e+00
      0.870    1514.54    12.0367    26.8840  0.000e+00
      0.862    1514.52    12.0188    26.8837  0.000e+00
      0.850    1514.52    12.0131    26.8850  0.000e+00
      0.849    1514.52    12.0131    26.8844  0.000e+00
      0.856    1514.51    12.0305    26.8712  0.000e+00
      0.883    1514.51    12.0502    26.8623  0.000e+00
      0.919    1514.51    12.0430    26.8686  0.000e+00
      0.937    1514.51    12.0136    26.8774  0.000e+00
      0.929    1514.51    11.9998    26.8843  0.000e+00
      0.899    1514.40    12.0152    26.8356  0.000e+00
      0.858    1514.24    12.0557    26.7521  0.000e+00
      0.836    1514.14    12.0782    26.7014  0.000e+00
      0.839    1514.17    12.0871    26.7103  0.000e+00
      0.857    1514.27    12.0677    26.7577  0.000e+00
      0.872    1514.34    12.0350    26.7997  0.000e+00
      0.881    1514.39    12.0173    26.8300  0.000e+00
      0.885    1514.38    12.0182    26.8246  0.000e+00
      0.888    1514.28    12.0463    26.7729  0.000e+00
      0.892    1514.21    12.0703    26.7309  0.000e+00
      0.907    1514.19    12.0731    26.7239  0.000e+00
      0.909    1514.19    12.0552    26.7310  0.000e+00
      0.892    1514.20    12.0419    26.7405  0.000e+00
      0.867    1514.21    12.0366    26.7486  0.000e+00
      0.841    1514.15    12.0559    26.7169  0.000e+00
      0.827    1514.10    12.0775    26.6850  0.000e+00
      0.844    1514.11    12.0882    26.6852  0.000e+00
      0.882    1514.22    12.0804    26.7314  0.000e+00
      0.904    1514.31    12.0440    26.7850  0.000e+00
      0.908    1514.37    12.0207    26.8200  0.000e+00
      0.901    1514.40    12.0152    26.8350  0.000e+00
      0.883    1514.31    12.0365    26.7884  0.000e+00
      0.868    1514.22    12.0647    26.7407  0.000e+00
      0.873    1514.21    12.0765    26.7307  0.000e+00
      0.880    1514.28    12.0607    26.7646  0.000e+00
      0.877    1514.33    12.0353    26.7974  0.000e+00
      0.871    1514.37    12.0226    26.8191  0.000e+00
      0.867    1514.36    12.0273    26.8128  0.000e+00
      0.867    1514.30    12.0503    26.7798  0.000e+00
      0.879    1514.27    12.0672    26.7570  0.000e+00
      0.890    1514.28    12.0566    26.7676  0.000e+00
      0.892    1514.30    12.0385    26.7812  0.000e+00
      0.885    1514.31    12.0281    26.7922  0.000e+00
      0.872    1514.28    12.0350    26.7785  0.000e+00
      0.865    1514.21    12.0575    26.7402  0.000e+00
      0.867    1514.18    12.0710    26.7199  0.000e+00
      0.875    1514.20    12.0663    26.7291  0.000e+00
      0.884    1514.21    12.0494    26.7437  0.000e+00
      0.883    1514.23    12.0403    26.7560  0.000e+00
      0.889    1514.26    12.0351    26.7667  0.000e+00
      0.891    1514.24    12.0415    26.7559  0.000e+00
      0.886    1514.20    12.0490    26.7388  0.000e+00
      0.878    1514.17    12.0543    26.7251  0.000e+00
      0.869    1514.16    12.0580    26.7177  0.000e+00
      0.864    1514.16    12.0591    26.7163  0.000e+00
      0.859    1514.16    12.0564    26.7191  0.000e+00
      0.866    1514.16    12.0504    26.7206  0.000e+00
      0.874    1514.14    12.0474    26.7162  0.000e+00
      0.884    1514.13    12.0470    26.7099  0.000e+00
      0.889    1514.13    12.0491    26.7075  0.000e+00
      0.896    1514.13    12.0502    26.7082  0.000e+00
      0.893    1514.12    12.0486    26.7068  0.000e+00
      0.884    1514.11    12.0476    26.7023  0.000e+00
      0.873    1514.10    12.0499    26.6962  0.000e+00
      0.866    1514.09    12.0531    26.6923  0.000e+00
      0.862    1514.10    12.0573    26.6920  0.000e+00
      0.868    1514.10    12.0621    26.6937  0.000e+00
      0.874    1514.11    12.0582    26.6964  0.000e+00
      0.876    1514.10    12.0475    26.6994  0.000e+00
      0.876    1514.10    12.0429    26.7007  0.000e+00
      0.876    1514.09    12.0487    26.6921  0.000e+00
      0.879    1514.05    12.0662    26.6690  0.000e+00
      0.896    1514.03    12.0767    26.6573  0.000e+00
      0.906    1514.03    12.0685    26.6616  0.000e+00
      0.903    1514.06    12.0804    26.6666  0.000e+00
      0.887    1514.26    12.1731    26.7077  0.000e+00
      0.867    1514.55    12.1548    26.8367  0.000e+00
      0.853    1514.80    12.1271    26.9513  0.000e+00
      0.847    1514.95    12.1103    27.0197  0.000e+00
      0.850    1515.03    12.1023    27.0547  0.000e+00
      0.860    1515.07    12.0990    27.0736  0.000e+00
      0.872    1515.10    12.0973    27.0843  0.000e+00
      0.886    1515.12    12.0975    27.0913  0.000e+00
      0.905    1515.13    12.0996    27.0971  0.000e+00
      0.914    1515.14    12.0977    27.1032  0.000e+00
      0.916    1515.15    12.0969    27.1075  0.000e+00
      0.904    1515.16    12.0964    27.1101  0.000e+00
      0.883    1515.16    12.0963    27.1118  0.000e+00
      0.862    1515.16    12.0945    27.1123  0.000e+00
      0.846    1515.15    12.0923    27.1103  0.000e+00
      0.843    1515.15    12.0940    27.1055  0.000e+00
      0.846    1515.14    12.0962    27.1029  0.000e+00
      0.855    1515.14    12.0977    27.1033  0.000e+00
      0.869    1515.15    12.0995    27.1059  0.000e+00
      0.882    1515.16    12.0991    27.1104  0.000e+00
      0.892    1515.17    12.1000    27.1143  0.000e+00
      0.904    1515.18    12.1002    27.1177  0.000e+00
      0.914    1515.19    12.1000    27.1197  0.000e+00
      0.907    1515.19    12.0991    27.1215  0.000e+00
      0.892    1515.19    12.0974    27.1227  0.000e+00
      0.868    1515.18    12.0945    27.1215  0.000e+00
      0.846    1515.18    12.0947    27.1178  0.000e+00
      0.845    1515.17    12.0963    27.1142  0.000e+00
