data/input/seabird/_2013_192_124923test.cnv
* Sea-Bird SBE19Plus Data File:
* FileName = c:\velocity\CATFILES\\2013_192_124923.HEX
* Software Version 12.3(r3782)
* Temperature SN = 4677
* Conductivity SN = 4677
* System UpLoad Time = Jul 11 2013 13:01:09
* DS
* SeacatPlus V 1.6b  SERIAL NO. 4677    11 Jul 2013  13:00:45
# nquan = 5
# nvalues = 1520                                  
# units = specified
# name 0 = depSM: Depth [salt water, m]
# name 1 = svCM: Sound Velocity [Chen-Millero, m/s]
# name 2 = sal00: Salinity, Practical [PSU]
# name 3 = tv290C: Temperature [ITS-90, deg C]
# name 4 = flag:  0.000e+00
# span 0 =     -0.033,     16.088                 
# span 1 =    1497.34,    1515.58                 
# span 2 =     0.1570,    12.5749                 
# span 3 =    25.0699,    27.1823                 
# span 4 = 0.0000e+00, 0.0000e+00                 
# interval = seconds: 0.25
# start_time = Jul 11 2013 13:01:09
# bad_flag = -9.990e-29
*END*
[from data line 858]
      0.884    1515.15    12.0999    27.1067  0.000e+00
      0.892    1515.16    12.0998    27.1068  0.000e+00
      0.886    1515.15    12.0998    27.1066  0.000e+00
      0.870    1515.16    12.0994    27.1071  0.000e+00
      0.850    1515.15    12.0991    27.1067  0.000e+00
      0.841    1515.15    12.0993    27.1062  0.000e+00
      0.847    1515.15    12.0991    27.1061  0.000e+00
      0.862    1515.15    12.0991    27.1058  0.000e+00
      0.875    1515.15    12.1000    27.1057  0.000e+00
      0.880    1515.16    12.1005    27.1067  0.000e+00
      0.880    1515.16    12.0998    27.1084  0.000e+00
      0.879    1515.16    12.0991    27.1093  0.000e+00
      0.886    1515.16    12.0988    27.1092  0.000e+00
      0.891    1515.16    12.0989    27.1092  0.000e+00
      0.885    1515.16    12.0973    27.1084  0.000e+00
      0.864    1515.15    12.0977    27.1069  0.000e+00
      0.839    1515.15    12.0982    27.1054  0.000e+00
      0.827    1515.15    12.0984    27.1046  0.000e+00
      0.838    1515.15    12.0984    27.1042  0.000e+00
      0.861    1515.14    12.0976    27.1038  0.000e+00
      0.885    1515.14    12.0954    27.1033  0.000e+00
      0.898    1515.14    12.0956    27.1020  0.000e+00
      0.901    1515.14    12.0957    27.1003  0.000e+00
      0.893    1515.13    12.0961    27.0993  0.000e+00
      0.885    1515.13    12.0958    27.0989  0.000e+00
      0.872    1515.13    12.0947    27.0985  0.000e+00
      0.860    1515.12    12.0913    27.0976  0.000e+00
      0.850    1515.12    12.0937    27.0960  0.000e+00
      0.848    1515.12    12.0934    27.0953  0.000e+00
      0.849    1515.11    12.0903    27.0945  0.000e+00
      0.852    1515.11    12.0893    27.0933  0.000e+00
      0.862    1515.11    12.0903    27.0917  0.000e+00
      0.873    1515.11    12.0896    27.0908  0.000e+00
      0.885    1515.10    12.0893    27.0902  0.000e+00
      0.896    1515.10    12.0899    27.0893  0.000e+00
      0.896    1515.10    12.0899    27.0889  0.000e+00
      0.888    1515.10    12.0890    27.0889  0.000e+00
      0.870    1515.10    12.0883    27.0885  0.000e+00
      0.857    1515.10    12.0884    27.0876  0.000e+00
      0.849    1515.09    12.0884    27.0868  0.000e+00
      0.846    1515.09    12.0886    27.0864  0.000e+00
      0.847    1515.09    12.0890    27.0863  0.000e+00
      0.851    1515.09    12.0890    27.0863  0.000e+00
      0.861    1515.09    12.0890    27.0862  0.000e+00
      0.878    1515.09    12.0891    27.0864  0.000e+00
      0.894    1515.09    12.0877    27.0866  0.000e+00
      0.898    1515.09    12.0870    27.0864  0.000e+00
      0.880    1515.09    12.0863    27.0854  0.000e+00
      0.859    1515.09    12.0883    27.0849  0.000e+00
      0.852    1515.09    12.0885    27.0849  0.000e+00
      0.855    1515.09    12.0881    27.0852  0.000e+00
      0.866    1515.09    12.0880    27.0852  0.000e+00
      0.872    1515.09    12.0887    27.0851  0.000e+00
      0.863    1515.09    12.0869    27.0854  0.000e+00
      0.848    1515.09    12.0856    27.0850  0.000e+00
      0.848    1515.08    12.0867    27.0839  0.000e+00
      0.863    1515.09    12.0880    27.0837  0.000e+00
      0.887    1515.09    12.0888    27.0840  0.000e+00
      0.897    1515.09    12.0896    27.0846  0.000e+00
      0.888    1515.09    12.0889    27.0857  0.000e+00
      0.870    1515.09    12.0886    27.0861  0.000e+00
      0.849    1515.09    12.0882    27.0862  0.000e+00
      0.842    1515.09    12.0876    27.0861  0.000e+00
      0.851    1515.09    12.0879    27.0858  0.000e+00
      0.868    1515.09    12.0880    27.0856  0.000e+00
      0.878    1515.09    12.0914    27.0856  0.000e+00
      0.883    1515.10    12.0923    27.0872  0.000e+00
      0.880    1515.10    12.0911    27.0881  0.000e+00
      0.873    1515.10    12.0910    27.0884  0.000e+00
      0.867    1515.10    12.0895    27.0885  0.000e+00
      0.864    1515.10    12.0899    27.0879  0.000e+00
      0.861    1515.10    12.0908    27.0875  0.000e+00
      0.856    1515.10    12.0924    27.0883  0.000e+00
      0.851    1515.10    12.0911    27.0891  0.000e+00
      0.857    1515.10    12.0904    27.0894  0.000e+00
      0.864    1515.10    12.0905    27.0892  0.000e+00
      0.878    1515.10    12.0907    27.0892  0.000e+00
      0.886    1515.10    12.0913    27.0890  0.000e+00
      0.884    1515.10    12.0912    27.0898  0.000e+00
      0.880    1515.11    12.0923    27.0900  0.000e+00
      0.875    1515.11    12.0935    27.0901  0.000e+00
      0.865    1515.11    12.0938    27.0906  0.000e+00
      0.857    1515.11    12.0969    27.0913  0.000e+00
      0.852    1515.12    12.0966    27.0930  0.000e+00
      0.847    1515.12    12.0965    27.0941  0.000e+00
      0.851    1515.12    12.0955    27.0946  0.000e+00
      0.858    1515.12    12.0943    27.0942  0.000e+00
      0.869    1515.12    12.0938    27.0937  0.000e+00
      0.876    1515.12    12.0949    27.0932  0.000e+00
      0.881    1515.12    12.0944    27.0929  0.000e+00
      0.881    1515.11    12.0935    27.0926  0.000e+00
      0.877    1515.11    12.0936    27.0925  0.000e+00
      0.875    1515.11    12.0937    27.0924  0.000e+00
      0.870    1515.11    12.0937    27.0923  0.000e+00
      0.871    1515.11    12.0941    27.0923  0.000e+00
      0.862    1515.11    12.0944    27.0919  0.000e+00
      0.852    1515.11    12.0937    27.0922  0.000e+00
      0.846    1515.11    12.0940    27.0920  0.000e+00
      0.849    1515.11    12.0935    27.0919  0.000e+00
      0.859    1515.11    12.0934    27.0917  0.000e+00
      0.873    1515.11    12.0928    27.0914  0.000e+00
      0.882    1515.11    12.0936    27.0913  0.000e+00
      0.877    1515.11    12.0942    27.0910  0.000e+00
      0.871    1515.11    12.0939    27.0913  0.000e+00
      0.866    1515.11    12.0935    27.0916  0.000e+00
      0.861    1515.11    12.0934    27.0918  0.000e+00
      0.862    1515.11    12.0937    27.0912  0.000e+00
      0.862    1515.11    12.0939    27.0915  0.000e+00
      0.865    1515.11    12.0937    27.0922  0.000e+00
      0.874    1515.11    12.0946    27.0925  0.000e+00
      0.879    1515.12    12.0953    27.0933  0.000e+00
      0.878    1515.12    12.0934    27.0945  0.000e+00
      0.866    1515.12    12.0946    27.0948  0.000e+00
      0.856    1515.12    12.0965    27.0950  0.000e+00
      0.850    1515.13    12.0989    27.0957  0.000e+00
      0.856    1515.13    12.0984    27.0971  0.000e+00
      0.867    1515.13    12.0989    27.0978  0.000e+00
      0.871    1515.13    12.0990    27.0981  0.000e+00
      0.868    1515.14    12.1001    27.0987  0.000e+00
      0.863    1515.14    12.1024    27.0991  0.000e+00
      0.865    1515.14    12.1010    27.1005  0.000e+00
      0.870    1515.14    12.1025    27.1009  0.000e+00
      0.872    1515.14    12.1025    27.1015  0.000e+00
      0.873    1515.15    12.1022    27.1021  0.000e+00
      0.872    1515.15    12.1036    27.1024  0.000e+00
      0.867    1515.15    12.1041    27.1030  0.000e+00
      0.863    1515.15    12.1020    27.1035  0.000e+00
      0.860    1515.15    12.1014    27.1034  0.000e+00
      0.858    1515.15    12.1018    27.1025  0.000e+00
      0.861    1515.15    12.1015    27.1023  0.000e+00
      0.864    1515.14    12.1009    27.1020  0.000e+00
      0.867    1515.14    12.0984    27.1014  0.000e+00
      0.864    1515.14    12.0995    27.0999  0.000e+00
      0.866    1515.14    12.1001    27.0993  0.000e+00
      0.870    1515.14    12.1021    27.0991  0.000e+00
      0.874    1515.14    12.1014    27.0998  0.000e+00
      0.875    1515.14    12.1020    27.1004  0.000e+00
      0.873    1515.14    12.1021    27.1007  0.000e+00
      0.858    1515.14    12.1013    27.1012  0.000e+00
      0.849    1515.14    12.1009    27.1008  0.000e+00
      0.847    1515.14    12.1000    27.1002  0.000e+00
      0.853    1515.14    12.0983    27.0996  0.000e+00
      0.873    1515.13    12.0974    27.0981  0.000e+00
      0.887    1515.13    12.0974    27.0970  0.000e+00
      0.886    1515.12    12.0950    27.0958  0.000e+00
      0.876    1515.12    12.0954    27.0945  0.000e+00
      0.861    1515.12    12.0975    27.0933  0.000e+00
      0.844    1515.12    12.0965    27.0934  0.000e+00
      0.841    1515.12    12.0960    27.0934  0.000e+00
      0.853    1515.12    12.0950    27.0928  0.000e+00
      0.865    1515.11    12.0921    27.0917  0.000e+00
      0.872    1515.11    12.0929    27.0904  0.000e+00
      0.866    1515.11    12.0932    27.0897  0.000e+00
      0.857    1515.10    12.0927    27.0894  0.000e+00
      0.857    1515.10    12.0921    27.0891  0.000e+00
      0.874    1515.10    12.0910    27.0884  0.000e+00
      0.887    1515.10    12.0897    27.0878  0.000e+00
      0.887    1515.10    12.0898    27.0870  0.000e+00
      0.879    1515.10    12.0902    27.0866  0.000e+00
      0.857    1515.09    12.0903    27.0862  0.000e+00
      0.837    1515.09    12.0896    27.0855  0.000e+00
      0.835    1515.09    12.0904    27.0850  0.000e+00
      0.848    1515.09    12.0920    27.0849  0.000e+00
      0.863    1515.10    12.0995    27.0856  0.000e+00
      0.878    1515.11    12.0972    27.0892  0.000e+00
      0.879    1515.11    12.0972    27.0913  0.000e+00
      0.868    1515.12    12.0973    27.0927  0.000e+00
      0.862    1515.12    12.0956    27.0935  0.000e+00
      0.871    1515.12    12.0949    27.0932  0.000e+00
      0.880    1515.12    12.0957    27.0927  0.000e+00
      0.878    1515.12    12.0969    27.0929  0.000e+00
      0.867    1515.12    12.0986    27.0933  0.000e+00
      0.847    1515.12    12.0983    27.0946  0.000e+00
      0.828    1515.13    12.0981    27.0956  0.000e+00
      0.833    1515.13    12.0975    27.0959  0.000e+00
      0.852    1515.13    12.0984    27.0960  0.000e+00
      0.876    1515.13    12.0981    27.0962  0.000e+00
      0.894    1515.13    12.0977    27.0966  0.000e+00
      0.897    1515.13    12.0977    27.0967  0.000e+00
      0.886    1515.13    12.0973    27.0969  0.000e+00
      0.871    1515.13    12.0968    27.0968  0.000e+00
      0.858    1515.13    12.0967    27.0960  0.000e+00
      0.846    1515.12    12.0956    27.0957  0.000e+00
      0.841    1515.12    12.0953    27.0949  0.000e+00
      0.836    1515.12    12.0952    27.0945  0.000e+00
      0.844    1515.12    12.0951    27.0938  0.000e+00
      0.862    1515.12    12.0948    27.0933  0.000e+00
      0.883    1515.12    12.0955    27.0933  0.000e+00
      0.893    1515.12    12.0959    27.0942  0.000e+00
      0.892    1515.12    12.0955    27.0944  0.000e+00
      0.882    1515.12    12.0954    27.0945  0.000e+00
      0.870    1515.12    12.0954    27.0943  0.000e+00
      0.862    1515.12    12.0960    27.0940  0.000e+00
      0.858    1515.12    12.0961    27.0943  0.000e+00
      0.847    1515.12    12.0957    27.0940  0.000e+00
      0.842    1515.12    12.0951    27.0940  0.000e+00
      0.834    1515.12    12.0951    27.0934  0.000e+00
      0.836    1515.12    12.0951    27.0929  0.000e+00
      0.861    1515.11    12.0943    27.0923  0.000e+00
      0.888    1515.11    12.0948    27.0914  0.000e+00
      0.898    1515.11    12.0947    27.0910  0.000e+00
      0.895    1515.11    12.0944    27.0909  0.000e+00
      0.882    1515.11    12.0944    27.0904  0.000e+00
      0.869    1515.11    12.0943    27.0903  0.000e+00
      0.864    1515.11    12.0950    27.0899  0.000e+00
      0.851    1515.11    12.0948    27.0906  0.000e+00
      0.841    1515.11    12.0947    27.0904  0.000e+00
      0.831    1515.11    12.0947    27.0902  0.000e+00
      0.828    1515.11    12.0948    27.0902  0.000e+00
      0.837    1515.11    12.0945    27.0901  0.000e+00
      0.859    1515.11    12.0951    27.0901  0.000e+00
      0.886    1515.11    12.0954    27.0907  0.000e+00
      0.902    1515.11    12.0953    27.0915  0.000e+00
      0.903    1515.11    12.0958    27.0919  0.000e+00
      0.894    1515.12    12.0955    27.0922  0.000e+00
      0.877    1515.12    12.0952    27.0926  0.000e+00
      0.858    1515.11    12.0950    27.0925  0.000e+00
      0.840    1515.11    12.0950    27.0926  0.000e+00
      0.829    1515.11    12.0950    27.0921  0.000e+00
      0.827    1515.11    12.0950    27.0920  0.000e+00
      0.832    1515.11    12.0951    27.0917  0.000e+00
      0.851    1515.11    12.0952    27.0914  0.000e+00
      0.873    1515.11    12.0954    27.0916  0.000e+00
      0.893    1515.11    12.0958    27.0917  0.000e+00
      0.906    1515.12    12.0962    27.0921  0.000e+00
      0.902    1515.12    12.0966    27.0926  0.000e+00
      0.883    1515.12    12.0970    27.0933  0.000e+00
      0.858    1515.12    12.0963    27.0940  0.000e+00
      0.835    1515.12    12.0959    27.0944  0.000e+00
      0.830    1515.12    12.0958    27.0941  0.000e+00
      0.838    1515.12    12.0957    27.0939  0.000e+00
      0.850    1515.12    12.0958    27.0936  0.000e+00
      0.866    1515.12    12.0944    27.0934  0.000e+00
      0.877    1515.12    12.0953    27.0932  0.000e+00
      0.879    1515.12    12.0959    27.0931  0.000e+00
      0.874    1515.12    12.0967    27.0935  0.000e+00
      0.867    1515.12    12.0964    27.0944  0.000e+00
      0.861    1515.12    12.0960    27.0947  0.000e+00
      0.863    1515.12    12.0964    27.0949  0.000e+00
      0.863    1515.12    12.0964    27.0948  0.000e+00
      0.860    1515.12    12.0962    27.0951  0.000e+00
      0.860    1515.12    12.0962    27.0952  0.000e+00
      0.859    1515.13    12.0977    27.0956  0.000e+00
      0.866    1515.13    12.0978    27.0963  0.000e+00
      0.869    1515.13    12.0976    27.0970  0.000e+00
      0.868    1515.13    12.0958    27.0974  0.000e+00
      0.866    1515.12    12.0938    27.0967  0.000e+00
      0.856    1515.12    12.0938    27.0956  0.000e+00
      0.849    1515.12    12.0939    27.0948  0.000e+00
      0.849    1515.12    12.0941    27.0942  0.000e+00
      0.858    1515.12    12.0939    27.0942  0.000e+00
      0.873    1515.11    12.0904    27.0936  0.000e+00
      0.884    1515.11    12.0913    27.0922  0.000e+00
      0.878    1515.11    12.0912    27.0910  0.000e+00
      0.865    1515.11    12.0911    27.0908  0.000e+00
      0.850    1515.11    12.0920    27.0902  0.000e+00
      0.846    1515.11    12.0917    27.0903  0.000e+00
      0.856    1515.11    12.0916    27.0902  0.000e+00
      0.872    1515.11    12.0920    27.0900  0.000e+00
      0.880    1515.11    12.0923    27.0902  0.000e+00
      0.871    1515.11    12.0933    27.0904  0.000e+00
      0.858    1515.11    12.0931    27.0907  0.000e+00
      0.847    1515.11    12.0924    27.0910  0.000e+00
      0.844    1515.11    12.0923    27.0906  0.000e+00
      0.854    1515.11    12.0925    27.0902  0.000e+00
      0.867    1515.11    12.0926    27.0898  0.000e+00
      0.874    1515.11    12.0925    27.0899  0.000e+00
      0.875    1515.11    12.0924    27.0902  0.000e+00
      0.870    1515.11    12.0928    27.0903  0.000e+00
      0.864    1515.11    12.0931    27.0906  0.000e+00
      0.857    1515.11    12.0968    27.0911  0.000e+00
      0.856    1515.12    12.0982    27.0927  0.000e+00
      0.860    1515.12    12.0976    27.0947  0.000e+00
      0.863    1515.12    12.0963    27.0955  0.000e+00
      0.854    1515.12    12.0949    27.0955  0.000e+00
      0.847    1515.12    12.0948    27.0946  0.000e+00
      0.847    1515.12    12.0938    27.0937  0.000e+00
      0.858    1515.11    12.0942    27.0927  0.000e+00
      0.876    1515.11    12.0945    27.0925  0.000e+00
      0.882    1515.11    12.0937    27.0923  0.000e+00
      0.879    1515.11    12.0943    27.0925  0.000e+00
      0.862    1515.11    12.0939    27.0925  0.000e+00
      0.841    1515.11    12.0938    27.0923  0.000e+00
      0.838    1515.11    12.0932    27.0920  0.000e+00
