data/input/seabird/_2013_192_124923test.cnv
* Sea-Bird SBE19Plus Data File:
* FileName = c:\velocity\CATFILES\\2013_192_124923.HEX
* Software Version 12.3(r3782)
* Temperature SN = 4677
* Conductivity SN = 4677
* System UpLoad Time = Jul 11 2013 13:01:09
* DS
* SeacatPlus V 1.6b  SERIAL NO. 4677    11 Jul 2013  13:00:45
# nquan = 5
# nvalues = 1520                                  
# units = specified
# name 0 = depSM: Depth [salt water, m]
# name 1 = svCM: Sound Velocity [Chen-Millero, m/s]
# name 2 = sal00: Salinity, Practical [PSU]
# name 3 = tv290C: Temperature [ITS-90, deg C]
# name 4 = flag:  0.000e+00
# span 0 =     -0.033,     16.088                 
# span 1 =    1497.34,    1515.58                 
# span 2 =     0.1570,    12.5749                 
# span 3 =    25.0699,    27.1823                 
# span 4 = 0.0000e+00, 0.0000e+00                 
# interval = seconds: 0.25
# start_time = Jul 11 2013 13:01:09
# bad_flag = -9.990e-29
*END*
[from data line 572]
      0.876    1515.17    12.0985    27.1120  0.000e+00
      0.889    1515.17    12.1003    27.1133  0.000e+00
      0.888    1515.18    12.1002    27.1171  0.000e+00
      0.878    1515.19    12.0986    27.1210  0.000e+00
      0.869    1515.19    12.0972    27.1226  0.000e+00
      0.862    1515.19    12.0971    27.1220  0.000e+00
      0.865    1515.19    12.0978    27.1210  0.000e+00
      0.880    1515.19    12.0979    27.1211  0.000e+00
      0.899    1515.19    12.0993    27.1211  0.000e+00
      0.906    1515.19    12.0996    27.1212  0.000e+00
      0.899    1515.19    12.0983    27.1217  0.000e+00
      0.884    1515.19    12.0988    27.1225  0.000e+00
      0.860    1515.19    12.0973    27.1229  0.000e+00
      0.859    1515.19    12.0962    27.1210  0.000e+00
      0.869    1515.18    12.0991    27.1174  0.000e+00
      0.868    1515.18    12.0995    27.1176  0.000e+00
      0.867    1515.19    12.0996    27.1195  0.000e+00
      0.863    1515.19    12.0991    27.1214  0.000e+00
      0.858    1515.19    12.0993    27.1229  0.000e+00
      0.872    1515.19    12.0990    27.1236  0.000e+00
      0.898    1515.20    12.0994    27.1243  0.000e+00
      0.913    1515.20    12.0990    27.1255  0.000e+00
      0.914    1515.20    12.0989    27.1260  0.000e+00
      0.899    1515.20    12.0985    27.1259  0.000e+00
      0.871    1515.20    12.0983    27.1253  0.000e+00
      0.855    1515.20    12.0982    27.1246  0.000e+00
      0.850    1515.19    12.0980    27.1237  0.000e+00
      0.860    1515.19    12.0982    27.1233  0.000e+00
      0.868    1515.19    12.0991    27.1227  0.000e+00
      0.876    1515.19    12.0997    27.1230  0.000e+00
      0.877    1515.20    12.0991    27.1237  0.000e+00
      0.873    1515.20    12.0989    27.1240  0.000e+00
      0.877    1515.19    12.0987    27.1235  0.000e+00
      0.885    1515.19    12.0993    27.1232  0.000e+00
      0.894    1515.19    12.0989    27.1232  0.000e+00
      0.893    1515.19    12.0989    27.1229  0.000e+00
      0.890    1515.19    12.0991    27.1224  0.000e+00
      0.877    1515.19    12.0992    27.1218  0.000e+00
      0.870    1515.19    12.0990    27.1217  0.000e+00
      0.867    1515.19    12.0990    27.1214  0.000e+00
      0.869    1515.19    12.0990    27.1212  0.000e+00
      0.871    1515.19    12.0993    27.1215  0.000e+00
      0.871    1515.19    12.0997    27.1206  0.000e+00
      0.870    1515.19    12.0999    27.1198  0.000e+00
      0.874    1515.19    12.1012    27.1189  0.000e+00
      0.882    1515.18    12.1016    27.1176  0.000e+00
      0.884    1515.18    12.1026    27.1164  0.000e+00
      0.883    1515.18    12.1030    27.1154  0.000e+00
      0.881    1515.18    12.1025    27.1147  0.000e+00
      0.880    1515.18    12.1026    27.1144  0.000e+00
      0.878    1515.17    12.1029    27.1135  0.000e+00
      0.876    1515.17    12.1035    27.1124  0.000e+00
      0.871    1515.17    12.1033    27.1111  0.000e+00
      0.867    1515.17    12.1029    27.1113  0.000e+00
      0.864    1515.17    12.1033    27.1113  0.000e+00
      0.864    1515.17    12.1039    27.1105  0.000e+00
      0.872    1515.17    12.1035    27.1100  0.000e+00
      0.884    1515.16    12.1034    27.1087  0.000e+00
      0.894    1515.16    12.1035    27.1082  0.000e+00
      0.897    1515.16    12.1032    27.1088  0.000e+00
      0.893    1515.17    12.1027    27.1096  0.000e+00
      0.884    1515.16    12.1024    27.1096  0.000e+00
      0.873    1515.16    12.1024    27.1097  0.000e+00
      0.865    1515.16    12.1021    27.1096  0.000e+00
      0.856    1515.16    12.1021    27.1091  0.000e+00
      0.849    1515.16    12.1024    27.1084  0.000e+00
      0.850    1515.16    12.1026    27.1077  0.000e+00
      0.857    1515.16    12.1025    27.1076  0.000e+00
      0.869    1515.16    12.1023    27.1076  0.000e+00
      0.893    1515.16    12.1016    27.1072  0.000e+00
      0.911    1515.16    12.1008    27.1067  0.000e+00
      0.915    1515.15    12.1012    27.1058  0.000e+00
      0.903    1515.15    12.1025    27.1052  0.000e+00
      0.879    1515.16    12.1025    27.1066  0.000e+00
      0.860    1515.16    12.1022    27.1072  0.000e+00
      0.854    1515.16    12.1023    27.1076  0.000e+00
      0.851    1515.16    12.1019    27.1078  0.000e+00
      0.848    1515.16    12.1020    27.1071  0.000e+00
      0.851    1515.16    12.1020    27.1067  0.000e+00
      0.856    1515.16    12.1019    27.1066  0.000e+00
      0.871    1515.16    12.1015    27.1067  0.000e+00
      0.894    1515.16    12.1009    27.1066  0.000e+00
      0.907    1515.15    12.1002    27.1063  0.000e+00
      0.902    1515.15    12.1010    27.1051  0.000e+00
      0.887    1515.15    12.1024    27.1047  0.000e+00
      0.866    1515.15    12.1025    27.1053  0.000e+00
      0.850    1515.15    12.1021    27.1057  0.000e+00
      0.853    1515.15    12.1018    27.1052  0.000e+00
      0.864    1515.15    12.1025    27.1043  0.000e+00
      0.877    1515.15    12.1026    27.1042  0.000e+00
      0.884    1515.15    12.1026    27.1044  0.000e+00
      0.883    1515.15    12.1030    27.1051  0.000e+00
      0.874    1515.16    12.1036    27.1061  0.000e+00
      0.861    1515.16    12.1026    27.1079  0.000e+00
      0.850    1515.16    12.1027    27.1085  0.000e+00
      0.856    1515.16    12.1025    27.1091  0.000e+00
      0.864    1515.16    12.1016    27.1091  0.000e+00
      0.875    1515.16    12.1017    27.1087  0.000e+00
      0.881    1515.16    12.1014    27.1082  0.000e+00
      0.882    1515.16    12.1012    27.1075  0.000e+00
      0.883    1515.16    12.1011    27.1070  0.000e+00
      0.880    1515.16    12.1008    27.1064  0.000e+00
      0.877    1515.15    12.1011    27.1053  0.000e+00
      0.866    1515.15    12.1007    27.1046  0.000e+00
      0.859    1515.15    12.1008    27.1042  0.000e+00
      0.860    1515.15    12.1007    27.1034  0.000e+00
      0.870    1515.15    12.1011    27.1029  0.000e+00
      0.878    1515.15    12.1014    27.1030  0.000e+00
      0.877    1515.15    12.1013    27.1024  0.000e+00
      0.874    1515.15    12.1016    27.1023  0.000e+00
      0.866    1515.15    12.1008    27.1024  0.000e+00
      0.864    1515.14    12.1002    27.1017  0.000e+00
      0.870    1515.14    12.1006    27.1007  0.000e+00
      0.873    1515.14    12.1007    27.1008  0.000e+00
      0.869    1515.14    12.1003    27.1007  0.000e+00
      0.864    1515.14    12.1001    27.1006  0.000e+00
      0.863    1515.14    12.1000    27.1003  0.000e+00
      0.876    1515.14    12.0999    27.1001  0.000e+00
      0.893    1515.14    12.0998    27.1000  0.000e+00
      0.899    1515.14    12.0999    27.0996  0.000e+00
      0.891    1515.14    12.0993    27.0996  0.000e+00
      0.870    1515.13    12.0985    27.0991  0.000e+00
      0.847    1515.13    12.0982    27.0984  0.000e+00
      0.841    1515.13    12.0982    27.0974  0.000e+00
      0.848    1515.13    12.0981    27.0966  0.000e+00
      0.862    1515.13    12.0984    27.0960  0.000e+00
      0.878    1515.13    12.0987    27.0960  0.000e+00
      0.885    1515.13    12.0985    27.0967  0.000e+00
      0.889    1515.13    12.0983    27.0968  0.000e+00
      0.897    1515.13    12.0980    27.0968  0.000e+00
      0.905    1515.13    12.0982    27.0967  0.000e+00
      0.892    1515.13    12.0983    27.0964  0.000e+00
      0.868    1515.13    12.0980    27.0963  0.000e+00
      0.840    1515.13    12.0981    27.0960  0.000e+00
      0.813    1515.13    12.0982    27.0959  0.000e+00
      0.827    1515.13    12.0979    27.0959  0.000e+00
      0.866    1515.13    12.0984    27.0955  0.000e+00
      0.898    1515.13    12.0991    27.0954  0.000e+00
      0.910    1515.13    12.0990    27.0960  0.000e+00
      0.905    1515.13    12.0984    27.0968  0.000e+00
      0.880    1515.13    12.0985    27.0968  0.000e+00
      0.865    1515.13    12.0984    27.0966  0.000e+00
      0.867    1515.13    12.0984    27.0966  0.000e+00
      0.870    1515.13    12.0982    27.0964  0.000e+00
      0.863    1515.13    12.0984    27.0961  0.000e+00
      0.857    1515.13    12.0977    27.0956  0.000e+00
      0.851    1515.12    12.0972    27.0953  0.000e+00
      0.853    1515.12    12.0977    27.0944  0.000e+00
      0.870    1515.12    12.0980    27.0944  0.000e+00
      0.891    1515.12    12.0974    27.0942  0.000e+00
      0.897    1515.12    12.0969    27.0942  0.000e+00
      0.893    1515.12    12.0951    27.0940  0.000e+00
      0.878    1515.12    12.0954    27.0934  0.000e+00
      0.862    1515.12    12.0952    27.0933  0.000e+00
      0.855    1515.12    12.0963    27.0931  0.000e+00
      0.856    1515.12    12.0966    27.0932  0.000e+00
      0.863    1515.12    12.0964    27.0933  0.000e+00
      0.872    1515.12    12.0968    27.0932  0.000e+00
      0.874    1515.12    12.0966    27.0935  0.000e+00
      0.871    1515.12    12.0967    27.0938  0.000e+00
      0.868    1515.12    12.0966    27.0940  0.000e+00
      0.868    1515.12    12.0970    27.0938  0.000e+00
      0.876    1515.12    12.0971    27.0939  0.000e+00
      0.883    1515.12    12.0970    27.0940  0.000e+00
      0.886    1515.12    12.0969    27.0947  0.000e+00
      0.883    1515.12    12.0976    27.0948  0.000e+00
      0.872    1515.13    12.0995    27.0949  0.000e+00
      0.859    1515.13    12.1022    27.0961  0.000e+00
      0.852    1515.13    12.1010    27.0978  0.000e+00
      0.854    1515.13    12.0992    27.0988  0.000e+00
      0.865    1515.14    12.1017    27.0987  0.000e+00
      0.870    1515.14    12.1035    27.0994  0.000e+00
      0.876    1515.15    12.1057    27.1014  0.000e+00
      0.875    1515.15    12.1074    27.1031  0.000e+00
      0.874    1515.16    12.1073    27.1053  0.000e+00
      0.879    1515.16    12.1064    27.1069  0.000e+00
      0.889    1515.16    12.1071    27.1075  0.000e+00
      0.892    1515.17    12.1079    27.1081  0.000e+00
      0.888    1515.17    12.1087    27.1092  0.000e+00
      0.872    1515.17    12.1097    27.1107  0.000e+00
      0.854    1515.17    12.1058    27.1117  0.000e+00
      0.838    1515.17    12.1049    27.1111  0.000e+00
      0.838    1515.17    12.1052    27.1097  0.000e+00
      0.853    1515.16    12.1033    27.1088  0.000e+00
      0.875    1515.16    12.1008    27.1072  0.000e+00
      0.893    1515.15    12.1010    27.1058  0.000e+00
      0.901    1515.15    12.1020    27.1046  0.000e+00
      0.891    1515.15    12.1016    27.1043  0.000e+00
      0.874    1515.15    12.1006    27.1041  0.000e+00
      0.862    1515.15    12.1007    27.1034  0.000e+00
      0.860    1515.15    12.1010    27.1029  0.000e+00
      0.863    1515.15    12.1011    27.1025  0.000e+00
      0.863    1515.14    12.1005    27.1024  0.000e+00
      0.859    1515.14    12.0997    27.1019  0.000e+00
      0.861    1515.14    12.1000    27.1015  0.000e+00
      0.870    1515.14    12.0995    27.1011  0.000e+00
      0.886    1515.14    12.0997    27.1005  0.000e+00
      0.893    1515.14    12.1004    27.1004  0.000e+00
      0.886    1515.14    12.1007    27.1005  0.000e+00
      0.874    1515.14    12.1020    27.1009  0.000e+00
      0.856    1515.14    12.1018    27.1015  0.000e+00
      0.852    1515.14    12.1019    27.1016  0.000e+00
      0.858    1515.15    12.1027    27.1018  0.000e+00
      0.869    1515.15    12.1016    27.1026  0.000e+00
      0.876    1515.15    12.1013    27.1033  0.000e+00
      0.881    1515.15    12.1015    27.1033  0.000e+00
      0.879    1515.15    12.1008    27.1032  0.000e+00
      0.873    1515.15    12.1005    27.1028  0.000e+00
      0.873    1515.14    12.1008    27.1023  0.000e+00
      0.875    1515.14    12.1008    27.1020  0.000e+00
      0.876    1515.14    12.1010    27.1020  0.000e+00
      0.866    1515.14    12.1013    27.1018  0.000e+00
      0.853    1515.14    12.1013    27.1022  0.000e+00
      0.840    1515.14    12.1014    27.1022  0.000e+00
      0.842    1515.15    12.1014    27.1025  0.000e+00
      0.868    1515.15    12.1009    27.1027  0.000e+00
      0.896    1515.15    12.1009    27.1025  0.000e+00
      0.906    1515.15    12.1010    27.1028  0.000e+00
      0.903    1515.15    12.1010    27.1028  0.000e+00
      0.882    1515.15    12.1007    27.1029  0.000e+00
      0.856    1515.15    12.1005    27.1027  0.000e+00
      0.847    1515.14    12.1003    27.1024  0.000e+00
      0.850    1515.14    12.1004    27.1017  0.000e+00
      0.853    1515.14    12.1003    27.1013  0.000e+00
      0.859    1515.14    12.0997    27.1008  0.000e+00
      0.864    1515.14    12.1000    27.1003  0.000e+00
      0.868    1515.14    12.0997    27.1004  0.000e+00
      0.879    1515.14    12.1000    27.1002  0.000e+00
      0.892    1515.14    12.1008    27.1006  0.000e+00
      0.902    1515.14    12.1009    27.1016  0.000e+00
      0.897    1515.15    12.1007    27.1029  0.000e+00
      0.887    1515.15    12.1010    27.1037  0.000e+00
      0.864    1515.15    12.1005    27.1048  0.000e+00
      0.845    1515.15    12.1001    27.1047  0.000e+00
      0.831    1515.15    12.1003    27.1039  0.000e+00
      0.835    1515.15    12.1012    27.1032  0.000e+00
      0.854    1515.15    12.1000    27.1043  0.000e+00
      0.874    1515.15    12.0991    27.1047  0.000e+00
      0.888    1515.15    12.1010    27.1035  0.000e+00
      0.890    1515.15    12.1015    27.1043  0.000e+00
      0.881    1515.16    12.1025    27.1058  0.000e+00
      0.877    1515.16    12.1017    27.1069  0.000e+00
      0.879    1515.16    12.1008    27.1075  0.000e+00
      0.872    1515.16    12.1008    27.1076  0.000e+00
      0.869    1515.16    12.1007    27.1073  0.000e+00
      0.866    1515.16    12.1004    27.1074  0.000e+00
      0.861    1515.16    12.1006    27.1067  0.000e+00
      0.859    1515.15    12.1006    27.1066  0.000e+00
      0.859    1515.16    12.1001    27.1069  0.000e+00
      0.857    1515.15    12.1000    27.1068  0.000e+00
      0.861    1515.15    12.1001    27.1057  0.000e+00
      0.864    1515.15    12.1006    27.1050  0.000e+00
      0.872    1515.15    12.1007    27.1046  0.000e+00
      0.882    1515.15    12.1003    27.1047  0.000e+00
      0.887    1515.15    12.0998    27.1045  0.000e+00
      0.888    1515.15    12.0997    27.1044  0.000e+00
      0.882    1515.15    12.1000    27.1037  0.000e+00
      0.873    1515.15    12.0998    27.1032  0.000e+00
      0.862    1515.14    12.0994    27.1029  0.000e+00
      0.853    1515.14    12.0994    27.1024  0.000e+00
      0.851    1515.14    12.0993    27.1019  0.000e+00
      0.855    1515.14    12.0990    27.1016  0.000e+00
      0.858    1515.14    12.0990    27.1008  0.000e+00
      0.863    1515.14    12.0987    27.1004  0.000e+00
      0.871    1515.14    12.0988    27.1005  0.000e+00
      0.882    1515.14    12.0991    27.1004  0.000e+00
      0.888    1515.14    12.0995    27.1006  0.000e+00
      0.894    1515.14    12.0995    27.1011  0.000e+00
      0.887    1515.14    12.0996    27.1013  0.000e+00
      0.874    1515.14    12.0998    27.1017  0.000e+00
      0.858    1515.14    12.0993    27.1022  0.000e+00
      0.843    1515.14    12.0989    27.1018  0.000e+00
      0.843    1515.14    12.0989    27.1013  0.000e+00
      0.854    1515.14    12.0991    27.1009  0.000e+00
      0.871    1515.14    12.0994    27.1004  0.000e+00
      0.884    1515.14    12.0999    27.1007  0.000e+00
      0.889    1515.14    12.1001    27.1011  0.000e+00
      0.887    1515.14    12.1004    27.1020  0.000e+00
      0.879    1515.15    12.1002    27.1028  0.000e+00
      0.866    1515.15    12.1005    27.1033  0.000e+00
      0.854    1515.15    12.1001    27.1041  0.000e+00
      0.852    1515.15    12.0999    27.1043  0.000e+00
      0.858    1515.15    12.1003    27.1043  0.000e+00
      0.861    1515.15    12.1002    27.1046  0.000e+00
      0.868    1515.15    12.1000    27.1055  0.000e+00
