data/input/seabird/_SBE19Plus_PCTSDSv_2013_192_183432.cnv
* Sea-Bird SBE19Plus Data File:
* FileName = c:\velocity\CATFILES\\2013_192_183432.HEX
* Software Version 12.3(r3782)
* Temperature SN = 4677
* Conductivity SN = 4677
* System UpLoad Time = Jul 11 2013 18:56:55
* DS
* SeacatPlus V 1.6b  SERIAL NO. 4677    11 Jul 2013  18:56:31
# nquan = 7                                 
# nvalues = 1709                        
# units = specified
# name 0 = prdM: Pressure, Strain Gauge [db]
# name 1 = c0S/m: Conductivity [S/m]
# name 2 = tv290C: Temperature [ITS-90, deg C]
# name 3 = sal00: Salinity, Practical [PSU]
# name 4 = sigma-é00: Density [sigma-theta, Kg/m^3]
# name 5 = svCM: Sound Velocity [Chen-Millero, m/s]
# name 6 = flag: flag
# span 0 =     -0.027,      8.645       
# span 1 =   0.009113,   2.181812       
# span 2 =    23.7761,    27.3903       
# span 3 =     0.0485,    12.6199       
# span 4 =    -3.1110,     6.0301       
# span 5 =    1493.52,    1515.90       
# span 6 = 0.0000e+00, 0.0000e+00       
# interval = seconds: 0.25
# start_time = Jul 11 2013 18:56:55
# bad_flag = -9.990e-29
*END*
[from data line 206]
      5.283   2.134012    26.8781    12.2801     5.7329    1514.86 0.0000e+00
      5.060   2.129777    26.9068    12.2461     5.6991    1514.89 0.0000e+00
      4.826   2.129319    26.9344    12.2361     5.6836    1514.95 0.0000e+00
      4.592   2.128408    26.9571    12.2245     5.6684    1514.98 0.0000e+00
      4.368   2.128496    26.9785    12.2195     5.6584    1515.03 0.0000e+00
      4.159   2.128543    26.9952    12.2155     5.6506    1515.06 0.0000e+00
      3.943   2.128605    27.0091    12.2123     5.6441    1515.09 0.0000e+00
      3.718   2.128975    27.0202    12.2118     5.6405    1515.11 0.0000e+00
      3.458   2.128678    27.0303    12.2074     5.6342    1515.13 0.0000e+00
      3.207   2.129261    27.0381    12.2090     5.6332    1515.14 0.0000e+00
      2.988   2.129386    27.0446    12.2081     5.6306    1515.15 0.0000e+00
      2.798   2.129453    27.0494    12.2073     5.6286    1515.16 0.0000e+00
      2.603   2.129594    27.0536    12.2072     5.6272    1515.17 0.0000e+00
      2.402   2.129552    27.0579    12.2058     5.6249    1515.17 0.0000e+00
      2.159   2.129797    27.0626    12.2062     5.6238    1515.18 0.0000e+00
      1.921   2.129776    27.0742    12.2030     5.6181    1515.20 0.0000e+00
      1.746   2.130254    27.1047    12.1982     5.6056    1515.27 0.0000e+00
      1.596   2.130462    27.1420    12.1899     5.5885    1515.35 0.0000e+00
      1.428   2.119693    27.1741    12.1145     5.5228    1515.34 0.0000e+00
      1.246   2.123171    27.2038    12.1285     5.5246    1515.43 0.0000e+00
      0.999   2.131784    27.2343    12.1744     5.5499    1515.54 0.0000e+00
      0.763   2.132154    27.2609    12.1699     5.5387    1515.60 0.0000e+00
      0.615   2.132956    27.2855    12.1685     5.5305    1515.66 0.0000e+00
      0.522   2.133242    27.3079    12.1646     5.5209    1515.70 0.0000e+00
      0.385   2.133523    27.3268    12.1615     5.5131    1515.74 0.0000e+00
      0.258   2.134169    27.3408    12.1619     5.5093    1515.78 0.0000e+00
      0.082   2.134258    27.3546    12.1589     5.5030    1515.80 0.0000e+00
     -0.027   2.133924    27.3645    12.1543     5.4967    1515.82 0.0000e+00
     -0.027   1.954157    27.3683    11.0422     4.6661    1514.66 0.0000e+00
     -0.015   2.105241    27.3645    11.9763     5.3639    1515.63 0.0000e+00
     -0.010   2.113508    27.3531    12.0305     5.4076    1515.66 0.0000e+00
     -0.014   2.121157    27.3388    12.0816     5.4500    1515.68 0.0000e+00
     -0.015   2.127009    27.3229    12.1220     5.4848    1515.69 0.0000e+00
     -0.010   2.129336    27.3048    12.1411     5.5043    1515.66 0.0000e+00
     -0.007   2.129295    27.2850    12.1460     5.5138    1515.62 0.0000e+00
     -0.009   1.781987    27.2643    10.0103     3.9267    1513.31 0.0000e+00
      0.005   1.558764    27.2462     8.6604     2.9249    1511.84 0.0000e+00
      0.017   2.053609    27.2323    11.6891     5.1884    1515.01 0.0000e+00
     -0.019   0.575624    27.2218     2.9698    -1.3180    1505.70 0.0000e+00
     -0.022   0.285164    27.2161     1.4098    -2.4849    1503.99 0.0000e+00
     -0.024   0.223381    27.2147     1.0900    -2.7244    1503.64 0.0000e+00
     -0.021   0.211759    27.2138     1.0305    -2.7688    1503.57 0.0000e+00
     -0.021   0.188391    27.2124     0.9116    -2.8577    1503.44 0.0000e+00
     -0.023   0.167521    27.2090     0.8061    -2.9360    1503.32 0.0000e+00
     -0.022   0.163638    27.2073     0.7866    -2.9502    1503.29 0.0000e+00
     -0.020   0.160903    27.2055     0.7729    -2.9600    1503.27 0.0000e+00
     -0.020   0.168194    27.2037     0.8096    -2.9319    1503.31 0.0000e+00
     -0.021   0.166479    27.1951     0.8011    -2.9359    1503.28 0.0000e+00
     -0.020   0.164692    27.1833     0.7923    -2.9392    1503.24 0.0000e+00
     -0.018   0.177730    27.1723     0.8583    -2.8866    1503.28 0.0000e+00
     -0.021   0.168628    27.1554     0.8126    -2.9162    1503.19 0.0000e+00
     -0.019   0.154083    27.1393     0.7397    -2.9666    1503.07 0.0000e+00
     -0.021   0.140844    27.1238     0.6737    -3.0119    1502.96 0.0000e+00
     -0.022   0.125543    27.1167     0.5977    -3.0670    1502.86 0.0000e+00
     -0.021   0.113685    27.1163     0.5391    -3.1110    1502.79 0.0000e+00
