data/input/seabird/_SBE19Plus_PCTSDSv_2013_192_183432.cnv
* Sea-Bird SBE19Plus Data File:
* FileName = c:\velocity\CATFILES\\2013_192_183432.HEX
* Software Version 12.3(r3782)
* Temperature SN = 4677
* Conductivity SN = 4677
* System UpLoad Time = Jul 11 2013 18:56:55
* DS
* SeacatPlus V 1.6b  SERIAL NO. 4677    11 Jul 2013  18:56:31
# nquan = 7                                 
# nvalues = 1709                        
# units = specified
# name 0 = prdM: Pressure, Strain Gauge [db]
# name 1 = c0S/m: Conductivity [S/m]
# name 2 = tv290C: Temperature [ITS-90, deg C]
# name 3 = sal00: Salinity, Practical [PSU]
# name 4 = sigma-é00: Density [sigma-theta, Kg/m^3]
# name 5 = svCM: Sound Velocity [Chen-Millero, m/s]
# name 6 = flag: flag
# span 0 =     -0.027,      8.645       
# span 1 =   0.009113,   2.181812       
# span 2 =    23.7761,    27.3903       
# span 3 =     0.0485,    12.6199       
# span 4 =    -3.1110,     6.0301       
# span 5 =    1493.52,    1515.90       
# span 6 = 0.0000e+00, 0.0000e+00       
# interval = seconds: 0.25
# start_time = Jul 11 2013 18:56:55
# bad_flag = -9.990e-29
*END*
     -0.019   0.009140    23.8309     0.0486    -2.6235    1493.58 0.0000e+00
     -0.019   0.009140    23.8308     0.0486    -2.6235    1493.58 0.0000e+00
     -0.009   0.021404    24.8800     0.1043    -2.8438    1496.50 0.0000e+00
     -0.009   0.021314    24.8821     0.1039    -2.8447    1496.51 0.0000e+00
     -0.007   0.021244    24.8835     0.1035    -2.8453    1496.51 0.0000e+00
     -0.010   0.021389    24.8873     0.1042    -2.8457    1496.52 0.0000e+00
     -0.012   0.021474    24.8891     0.1046    -2.8459    1496.53 0.0000e+00
     -0.010   0.021386    24.8898     0.1042    -2.8464    1496.53 0.0000e+00
     -0.007   0.021262    24.8904     0.1036    -2.8470    1496.53 0.0000e+00
     -0.008   0.021142    24.8927     0.1030    -2.8480    1496.53 0.0000e+00
     -0.008   0.021051    24.8940     0.1026    -2.8487    1496.54 0.0000e+00
     -0.009   0.021009    24.8953     0.1024    -2.8492    1496.54 0.0000e+00
     -0.008   0.021051    24.8981     0.1026    -2.8497    1496.55 0.0000e+00
     -0.009   0.021024    24.9014     0.1025    -2.8507    1496.56 0.0000e+00
     -0.009   0.021024    24.9046     0.1025    -2.8515    1496.56 0.0000e+00
     -0.011   0.021121    24.9072     0.1029    -2.8518    1496.57 0.0000e+00
     -0.011   0.021211    24.9088     0.1033    -2.8519    1496.58 0.0000e+00
     -0.008   0.021178    24.9109     0.1032    -2.8526    1496.58 0.0000e+00
     -0.009   0.021178    24.9122     0.1032    -2.8529    1496.59 0.0000e+00
      0.008   0.165596    24.9127     0.8358    -2.2994    1497.41 0.0000e+00
      0.173   1.647155    25.1777     9.6108     4.2145    1507.65 0.0000e+00
      0.223   1.892952    26.2150    10.9312     4.9148    1511.70 0.0000e+00
      0.354   2.134375    26.8936    12.2789     5.7272    1514.82 0.0000e+00
      0.493   2.132076    27.1644    12.1943     5.5851    1515.39 0.0000e+00
      0.598   2.131487    27.2657    12.1645     5.5333    1515.60 0.0000e+00
      0.714   2.130643    27.3031    12.1496     5.5112    1515.68 0.0000e+00
      0.819   2.128014    27.3155    12.1301     5.4930    1515.69 0.0000e+00
      0.868   2.125131    27.3171    12.1117     5.4789    1515.68 0.0000e+00
      0.925   2.123243    27.3121    12.1013     5.4725    1515.65 0.0000e+00
      0.992   2.121808    27.3010    12.0952     5.4713    1515.62 0.0000e+00
      1.045   2.120409    27.2918    12.0888     5.4692    1515.59 0.0000e+00
      1.055   2.120919    27.2835    12.0941     5.4756    1515.58 0.0000e+00
      1.057   2.119874    27.2586    12.0940     5.4828    1515.52 0.0000e+00
      1.056   2.117218    27.2150    12.0886     5.4915    1515.41 0.0000e+00
      1.051   2.116891    27.1778    12.0961     5.5080    1515.33 0.0000e+00
      1.049   2.117733    27.1542    12.1074     5.5233    1515.28 0.0000e+00
      1.048   2.118986    27.1590    12.1140     5.5268    1515.30 0.0000e+00
      1.050   2.119667    27.1830    12.1121     5.5184    1515.36 0.0000e+00
      1.054   2.118419    27.2016    12.0995     5.5036    1515.39 0.0000e+00
      1.101   2.134992    27.3777    12.1575     5.4952    1515.88 0.0000e+00
      1.098   2.134992    27.3799    12.1569     5.4941    1515.88 0.0000e+00
      1.091   2.134925    27.3815    12.1561     5.4930    1515.88 0.0000e+00
      1.084   2.134648    27.3810    12.1545     5.4920    1515.88 0.0000e+00
      1.077   2.134581    27.3776    12.1549     5.4933    1515.87 0.0000e+00
      1.078   2.134695    27.3746    12.1564     5.4953    1515.87 0.0000e+00
      1.077   2.134753    27.3740    12.1569     5.4959    1515.87 0.0000e+00
      1.081   2.134716    27.3748    12.1565     5.4953    1515.87 0.0000e+00
      1.083   2.134831    27.3751    12.1571     5.4957    1515.87 0.0000e+00
      1.086   2.134513    27.3751    12.1552     5.4942    1515.87 0.0000e+00
      1.086   2.134534    27.3729    12.1558     5.4954    1515.86 0.0000e+00
      1.091   2.134487    27.3706    12.1561     5.4963    1515.86 0.0000e+00
      1.093   2.134555    27.3692    12.1569     5.4973    1515.85 0.0000e+00
      1.096   2.134414    27.3684    12.1563     5.4970    1515.85 0.0000e+00
      1.095   2.134398    27.3671    12.1565     5.4976    1515.85 0.0000e+00
      1.089   2.134237    27.3654    12.1559     5.4976    1515.84 0.0000e+00
      1.081   2.134237    27.3629    12.1566     5.4989    1515.84 0.0000e+00
      1.074   2.134289    27.3618    12.1572     5.4996    1515.84 0.0000e+00
      1.069   2.134487    27.3620    12.1584     5.5005    1515.84 0.0000e+00
      1.071   2.134628    27.3641    12.1587     5.5001    1515.84 0.0000e+00
      1.081   2.134607    27.3671    12.1578     5.4985    1515.85 0.0000e+00
      1.092   2.134695    27.3690    12.1578     5.4980    1515.85 0.0000e+00
      1.102   2.134810    27.3711    12.1580     5.4975    1515.86 0.0000e+00
      1.106   2.134992    27.3740    12.1584     5.4970    1515.87 0.0000e+00
      1.102   2.135044    27.3772    12.1579     5.4957    1515.87 0.0000e+00
      1.096   2.134878    27.3804    12.1561     5.4933    1515.88 0.0000e+00
      1.089   2.134763    27.3805    12.1553     5.4928    1515.88 0.0000e+00
      1.081   2.134831    27.3793    12.1560     5.4937    1515.88 0.0000e+00
      1.071   2.134654    27.3784    12.1552     5.4933    1515.87 0.0000e+00
      1.065   2.134513    27.3763    12.1548     5.4936    1515.87 0.0000e+00
      1.064   2.134466    27.3734    12.1553     5.4948    1515.86 0.0000e+00
      1.068   2.134461    27.3708    12.1559     5.4961    1515.86 0.0000e+00
      1.082   2.134487    27.3697    12.1564     5.4967    1515.85 0.0000e+00
      1.094   2.134555    27.3692    12.1569     5.4973    1515.85 0.0000e+00
      1.102   2.134581    27.3699    12.1569     5.4971    1515.86 0.0000e+00
      1.109   2.134560    27.3708    12.1565     5.4965    1515.86 0.0000e+00
      1.112   2.134581    27.3711    12.1566     5.4965    1515.86 0.0000e+00
      1.103   2.134810    27.3712    12.1580     5.4975    1515.86 0.0000e+00
      1.091   2.134899    27.3738    12.1579     5.4966    1515.87 0.0000e+00
      1.076   2.134852    27.3768    12.1568     5.4950    1515.87 0.0000e+00
      1.060   2.134852    27.3786    12.1564     5.4941    1515.88 0.0000e+00
      1.054   2.134742    27.3792    12.1555     5.4933    1515.88 0.0000e+00
      1.064   2.134753    27.3787    12.1557     5.4936    1515.88 0.0000e+00
      1.087   2.134742    27.3775    12.1560     5.4941    1515.87 0.0000e+00
      1.103   2.134763    27.3772    12.1562     5.4944    1515.87 0.0000e+00
      1.112   2.134784    27.3769    12.1564     5.4946    1515.87 0.0000e+00
      1.112   2.134852    27.3772    12.1567     5.4948    1515.87 0.0000e+00
      1.099   2.134810    27.3780    12.1563     5.4942    1515.87 0.0000e+00
      1.084   2.134831    27.3782    12.1563     5.4942    1515.88 0.0000e+00
      1.078   2.134800    27.3785    12.1561     5.4939    1515.88 0.0000e+00
      1.081   2.134810    27.3783    12.1562     5.4940    1515.88 0.0000e+00
      1.082   2.134852    27.3787    12.1563     5.4940    1515.88 0.0000e+00
      1.084   2.134899    27.3790    12.1565     5.4941    1515.88 0.0000e+00
      1.084   2.135044    27.3800    12.1572     5.4943    1515.88 0.0000e+00
      1.086   2.135039    27.3824    12.1565     5.4931    1515.89 0.0000e+00
      1.094   2.135128    27.3838    12.1567     5.4928    1515.89 0.0000e+00
      1.102   2.135237    27.3853    12.1570     5.4926    1515.89 0.0000e+00
      1.107   2.135128    27.3873    12.1558     5.4911    1515.90 0.0000e+00
      1.102   2.135107    27.3876    12.1556     5.4909    1515.90 0.0000e+00
      1.094   2.135081    27.3875    12.1555     5.4908    1515.90 0.0000e+00
      1.085   2.135216    27.3871    12.1564     5.4917    1515.90 0.0000e+00
      1.082   2.135013    27.3877    12.1550     5.4904    1515.90 0.0000e+00
      1.085   2.134945    27.3861    12.1550     5.4909    1515.89 0.0000e+00
      1.085   2.135081    27.3848    12.1562     5.4921    1515.89 0.0000e+00
      1.087   2.135091    27.3855    12.1561     5.4918    1515.89 0.0000e+00
      1.083   2.135128    27.3860    12.1562     5.4918    1515.89 0.0000e+00
      1.063   2.135242    27.3870    12.1566     5.4918    1515.90 0.0000e+00
      1.003   2.135289    27.3884    12.1566     5.4914    1515.90 0.0000e+00
      0.947   2.134966    27.3899    12.1542     5.4891    1515.90 0.0000e+00
      0.915   2.134878    27.3871    12.1544     5.4901    1515.89 0.0000e+00
      0.900   2.135039    27.3848    12.1560     5.4920    1515.89 0.0000e+00
      0.890   2.135044    27.3845    12.1561     5.4921    1515.89 0.0000e+00
      0.874   2.135107    27.3849    12.1564     5.4922    1515.89 0.0000e+00
      0.867   2.135195    27.3856    12.1567     5.4923    1515.89 0.0000e+00
      0.870   2.135289    27.3869    12.1570     5.4921    1515.89 0.0000e+00
      0.877   2.135195    27.3891    12.1558     5.4906    1515.90 0.0000e+00
      0.881   2.135154    27.3896    12.1554     5.4902    1515.90 0.0000e+00
      0.884   2.135221    27.3892    12.1560     5.4907    1515.90 0.0000e+00
      0.879   2.135190    27.3898    12.1556     5.4902    1515.90 0.0000e+00
      0.872   2.134966    27.3895    12.1543     5.4893    1515.90 0.0000e+00
      0.864   2.134945    27.3869    12.1548     5.4905    1515.89 0.0000e+00
      0.866   2.134763    27.3845    12.1543     5.4908    1515.88 0.0000e+00
      0.869   2.134487    27.3808    12.1536     5.4913    1515.87 0.0000e+00
      0.870   2.134648    27.3752    12.1560     5.4948    1515.86 0.0000e+00
      0.872   2.134648    27.3724    12.1567     5.4962    1515.86 0.0000e+00
      0.873   2.134560    27.3711    12.1565     5.4964    1515.85 0.0000e+00
      0.877   2.134669    27.3700    12.1575     5.4974    1515.85 0.0000e+00
      0.881   2.134648    27.3704    12.1572     5.4971    1515.85 0.0000e+00
      0.884   2.134555    27.3708    12.1565     5.4965    1515.85 0.0000e+00
      0.897   2.134607    27.3700    12.1571     5.4971    1515.85 0.0000e+00
      0.948   2.134211    27.3687    12.1549     5.4959    1515.85 0.0000e+00
      1.029   2.134440    27.3646    12.1574     5.4990    1515.84 0.0000e+00
      1.105   2.134414    27.3644    12.1573     5.4990    1515.84 0.0000e+00
      1.161   2.134419    27.3657    12.1570     5.4983    1515.85 0.0000e+00
      1.204   2.134325    27.3654    12.1565     5.4981    1515.85 0.0000e+00
      1.275   2.134122    27.3635    12.1557     5.4980    1515.84 0.0000e+00
      1.379   2.134362    27.3600    12.1581     5.5008    1515.84 0.0000e+00
      1.555   2.133456    27.3574    12.1531     5.4979    1515.83 0.0000e+00
      1.775   2.132976    27.3463    12.1529     5.5011    1515.81 0.0000e+00
      2.017   2.132450    27.3318    12.1533     5.5057    1515.78 0.0000e+00
      2.255   2.131201    27.3110    12.1509     5.5099    1515.73 0.0000e+00
      2.476   2.130847    27.2697    12.1593     5.5283    1515.64 0.0000e+00
      2.678   2.130800    27.2180    12.1722     5.5532    1515.53 0.0000e+00
      2.910   2.130718    27.1742    12.1830     5.5740    1515.44 0.0000e+00
      3.123   2.130645    27.1371    12.1921     5.5916    1515.36 0.0000e+00
      3.300   2.130551    27.1128    12.1978     5.6030    1515.31 0.0000e+00
      3.443   2.130473    27.0963    12.2015     5.6106    1515.28 0.0000e+00
      3.566   2.130390    27.0856    12.2037     5.6154    1515.26 0.0000e+00
      3.713   2.130234    27.0790    12.2045     5.6179    1515.25 0.0000e+00
      3.926   2.130140    27.0730    12.2054     5.6203    1515.24 0.0000e+00
      4.175   2.130062    27.0682    12.2061     5.6223    1515.23 0.0000e+00
      4.403   2.129912    27.0644    12.2062     5.6234    1515.22 0.0000e+00
      4.615   2.129797    27.0611    12.2063     5.6245    1515.22 0.0000e+00
      4.779   2.129500    27.0582    12.2051     5.6245    1515.21 0.0000e+00
      4.944   2.129089    27.0542    12.2036     5.6245    1515.21 0.0000e+00
      5.142   2.128792    27.0492    12.2030     5.6256    1515.20 0.0000e+00
      5.368   2.128105    27.0446    12.1999     5.6246    1515.18 0.0000e+00
      5.581   2.127075    27.0373    12.1953     5.6233    1515.17 0.0000e+00
      5.779   2.126898    27.0266    12.1969     5.6276    1515.14 0.0000e+00
      5.946   2.126737    27.0186    12.1980     5.6308    1515.13 0.0000e+00
      6.111   2.126394    27.0115    12.1976     5.6326    1515.11 0.0000e+00
      6.283   2.127991    27.0007    12.2104     5.6453    1515.10 0.0000e+00
      6.501   2.132428    26.9898    12.2410     5.6713    1515.11 0.0000e+00
      6.732   2.138228    26.9756    12.2810     5.7053    1515.13 0.0000e+00
      6.950   2.142343    26.9529    12.3127     5.7355    1515.11 0.0000e+00
      7.149   2.154802    26.9266    12.3977     5.8066    1515.14 0.0000e+00
      7.313   2.160105    26.8902    12.4406     5.8492    1515.10 0.0000e+00
      7.453   2.163842    26.8587    12.4724     5.8821    1515.05 0.0000e+00
      7.573   2.170436    26.8335    12.5205     5.9254    1515.05 0.0000e+00
      7.736   2.172946    26.8094    12.5427     5.9490    1515.01 0.0000e+00
      7.959   2.177314    26.7901    12.5754     5.9790    1515.00 0.0000e+00
      8.197   2.180121    26.7724    12.5978     6.0008    1514.99 0.0000e+00
      8.445   2.180757    26.7560    12.6062     6.0118    1514.96 0.0000e+00
      8.533   2.181785    26.7436    12.6160     6.0228    1514.94 0.0000e+00
      8.565   2.181224    26.7351    12.6147     6.0243    1514.92 0.0000e+00
      8.565   2.181812    26.7307    12.6196     6.0292    1514.92 0.0000e+00
      8.572   2.181765    26.7285    12.6199     6.0301    1514.91 0.0000e+00
      8.579   2.181691    26.7280    12.6196     6.0300    1514.91 0.0000e+00
      8.594   2.181507    26.7276    12.6185     6.0293    1514.91 0.0000e+00
      8.608   2.147506    26.7284    12.4039     5.8688    1514.68 0.0000e+00
      8.621   2.014996    26.7257    11.5727     5.2489    1513.79 0.0000e+00
      8.634   2.055070    26.7163    11.8260     5.4408    1514.04 0.0000e+00
      8.642   2.147485    26.7138    12.4076     5.8758    1514.65 0.0000e+00
      8.644   2.175799    26.7174    12.5852     6.0074    1514.85 0.0000e+00
      8.644   2.179938    26.7223    12.6100     6.0245    1514.89 0.0000e+00
      8.645   2.178721    26.7272    12.6010     6.0164    1514.89 0.0000e+00
      8.645   2.177341    26.7292    12.5918     6.0089    1514.88 0.0000e+00
      8.640   2.176617    26.7301    12.5870     6.0050    1514.88 0.0000e+00
      8.641   2.178254    26.7306    12.5972     6.0125    1514.89 0.0000e+00
      8.640   2.177808    26.7304    12.5944     6.0105    1514.89 0.0000e+00
      8.629   2.099581    26.7289    12.1022     5.6434    1514.36 0.0000e+00
      8.600   2.108801    26.7203    12.1624     5.6908    1514.41 0.0000e+00
      8.548   2.090541    26.7155    12.0489     5.6074    1514.27 0.0000e+00
      8.445   2.129915    26.7148    12.2967     5.7927    1514.53 0.0000e+00
      8.258   2.172459    26.7177    12.5641     5.9915    1514.82 0.0000e+00
      8.017   2.177761    26.7216    12.5966     6.0146    1514.86 0.0000e+00
      7.787   2.179046    26.7251    12.6038     6.0189    1514.87 0.0000e+00
      7.580   2.178390    26.7282    12.5988     6.0143    1514.87 0.0000e+00
      7.347   2.176895    26.7314    12.5886     6.0057    1514.86 0.0000e+00
      7.080   2.174603    26.7374    12.5725     5.9920    1514.86 0.0000e+00
      6.823   2.170688    26.7459    12.5456     5.9694    1514.85 0.0000e+00
      6.605   2.166214    26.7567    12.5145     5.9431    1514.84 0.0000e+00
      6.406   2.161890    26.7704    12.4837     5.9161    1514.83 0.0000e+00
      6.201   2.156837    26.7867    12.4475     5.8844    1514.83 0.0000e+00
      5.994   2.149328    26.8059    12.3952     5.8397    1514.82 0.0000e+00
      5.770   2.146372    26.8285    12.3707     5.8149    1514.84 0.0000e+00
