data/input/seabird/ITF17019.cnv
* Sea-Bird SBE 9 Data File:
* FileName = \\sol-nas\Data\Field Trips\6759\Data\LivewireCTD\ITF17019.hex
* Software Version Seasave V 7.23.2
* Temperature SN = 5165
* Conductivity SN = 4406
* Number of Bytes Per Scan = 44
* Number of Voltage Words = 5
* Number of Scans Averaged by the Deck Unit = 1
* NMEA Latitude = 09 48.94 S
* NMEA Longitude = 127 33.25 E
* NMEA UTC (Time) = Jul 19 2017  21:58:44
* NMEA baud rate = 4800
** Ship: Solander
** Station: DARBGF
** Operator: FM
# nquan = 9
# nvalues = 30958                                 
# units = specified
# name 0 = depSM: Depth [salt water, m]
# name 1 = prDM: Pressure, Digiquartz [db]
# name 2 = t090C: Temperature [ITS-90, deg C]
# name 3 = c0S/m: Conductivity [S/m]
# name 4 = sal00: Salinity, Practical [PSU]
# name 5 = svCM: Sound Velocity [Chen-Millero, m/s]
# name 6 = svDM: Sound Velocity [Delgrosso, m/s]
# name 7 = svWM: Sound Velocity [Wilson, m/s]
# name 8 = flag:  0.000e+00
# span 0 =     -0.166,    467.146                 
# span 1 =     -0.167,    470.332                 
# span 2 =     8.0254,    27.3907                 
# span 3 =   0.190896,   5.427311                 
# span 4 =     0.9389,    34.5721                 
# span 5 =    1489.75,    1540.16                 
# span 6 =    1489.59,    1540.01                 
# span 7 =    1490.13,    1540.42                 
# span 8 = 0.0000e+00, 0.0000e+00                 
# interval = seconds: 0.0416667
# start_time = Jul 19 2017 21:58:46 [System UTC, first data scan.]
# bad_flag = -9.990e-29
*END*
[from data line 17921]
    466.457    469.639     8.0309   3.604122    34.5609    1489.77    1489.62    1490.15  0.000e+00
    466.510    469.692     8.0305   3.604104    34.5610    1489.77    1489.62    1490.15  0.000e+00
    466.510    469.692     8.0303   3.604116    34.5614    1489.77    1489.62    1490.15  0.000e+00
    466.510    469.692     8.0305   3.604104    34.5610    1489.77    1489.62    1490.15  0.000e+00
    466.570    469.752     8.0304   3.604074    34.5608    1489.77    1489.62    1490.15  0.000e+00
    466.557    469.739     8.0303   3.604092    34.5611    1489.77    1489.62    1490.15  0.000e+00
    466.557    469.739     8.0302   3.604098    34.5612    1489.77    1489.62    1490.15  0.000e+00
    466.603    469.785     8.0303   3.604098    34.5611    1489.77    1489.62    1490.15  0.000e+00
    466.603    469.785     8.0300   3.604098    34.5614    1489.77    1489.62    1490.15  0.000e+00
    466.656    469.839     8.0298   3.604074    34.5614    1489.77    1489.62    1490.15  0.000e+00
    466.603    469.785     8.0299   3.604037    34.5610    1489.77    1489.62    1490.15  0.000e+00
    466.702    469.885     8.0300   3.604037    34.5607    1489.77    1489.62    1490.15  0.000e+00
    466.623    469.805     8.0300   3.604104    34.5615    1489.77    1489.62    1490.15  0.000e+00
    466.656    469.839     8.0303   3.604104    34.5612    1489.78    1489.62    1490.15  0.000e+00
    466.702    469.885     8.0304   3.604098    34.5610    1489.78    1489.62    1490.15  0.000e+00
    466.702    469.885     8.0305   3.604098    34.5609    1489.78    1489.62    1490.15  0.000e+00
    466.656    469.839     8.0307   3.604098    34.5607    1489.78    1489.62    1490.15  0.000e+00
    466.755    469.939     8.0305   3.604098    34.5609    1489.78    1489.62    1490.15  0.000e+00
    466.702    469.885     8.0305   3.604146    34.5614    1489.78    1489.62    1490.15  0.000e+00
    466.702    469.885     8.0304   3.604164    34.5617    1489.78    1489.62    1490.15  0.000e+00
    466.722    469.905     8.0304   3.604110    34.5611    1489.78    1489.62    1490.15  0.000e+00
    466.755    469.939     8.0299   3.604043    34.5609    1489.78    1489.62    1490.15  0.000e+00
    466.702    469.885     8.0293   3.603983    34.5609    1489.77    1489.62    1490.15  0.000e+00
    466.755    469.939     8.0289   3.603971    34.5611    1489.77    1489.62    1490.15  0.000e+00
    466.755    469.939     8.0289   3.603971    34.5611    1489.77    1489.62    1490.15  0.000e+00
    466.755    469.939     8.0284   3.603898    34.5608    1489.77    1489.61    1490.15  0.000e+00
    466.755    469.939     8.0284   3.603947    34.5614    1489.77    1489.61    1490.15  0.000e+00
    466.755    469.939     8.0284   3.603898    34.5608    1489.77    1489.61    1490.15  0.000e+00
    466.755    469.939     8.0284   3.603922    34.5610    1489.77    1489.61    1490.15  0.000e+00
    466.722    469.905     8.0289   3.603965    34.5611    1489.77    1489.62    1490.15  0.000e+00
    466.755    469.939     8.0289   3.603971    34.5611    1489.77    1489.62    1490.15  0.000e+00
    466.702    469.885     8.0288   3.603989    34.5614    1489.77    1489.62    1490.15  0.000e+00
    466.755    469.939     8.0284   3.603953    34.5614    1489.77    1489.61    1490.15  0.000e+00
    466.755    469.939     8.0286   3.603941    34.5611    1489.77    1489.61    1490.15  0.000e+00
    466.755    469.939     8.0288   3.603989    34.5614    1489.77    1489.62    1490.15  0.000e+00
    466.755    469.939     8.0289   3.603977    34.5612    1489.77    1489.62    1490.15  0.000e+00
    466.755    469.939     8.0294   3.604013    34.5611    1489.77    1489.62    1490.15  0.000e+00
    466.722    469.905     8.0290   3.604031    34.5616    1489.77    1489.62    1490.15  0.000e+00
    466.755    469.939     8.0294   3.604007    34.5610    1489.77    1489.62    1490.15  0.000e+00
    466.702    469.885     8.0291   3.603953    34.5608    1489.77    1489.62    1490.15  0.000e+00
    466.702    469.885     8.0287   3.603941    34.5610    1489.77    1489.61    1490.15  0.000e+00
    466.755    469.939     8.0286   3.603910    34.5608    1489.77    1489.61    1490.15  0.000e+00
    466.702    469.885     8.0284   3.603880    34.5606    1489.77    1489.61    1490.15  0.000e+00
    466.656    469.839     8.0278   3.603850    34.5610    1489.77    1489.61    1490.14  0.000e+00
    466.702    469.885     8.0278   3.603820    34.5606    1489.77    1489.61    1490.14  0.000e+00
    466.722    469.905     8.0278   3.603814    34.5605    1489.77    1489.61    1490.14  0.000e+00
    466.656    469.839     8.0278   3.603814    34.5606    1489.77    1489.61    1490.14  0.000e+00
    466.702    469.885     8.0281   3.603838    34.5605    1489.77    1489.61    1490.14  0.000e+00
    466.656    469.839     8.0276   3.603862    34.5613    1489.77    1489.61    1490.14  0.000e+00
    466.656    469.839     8.0279   3.603826    34.5605    1489.77    1489.61    1490.14  0.000e+00
    466.656    469.839     8.0277   3.603814    34.5607    1489.77    1489.61    1490.14  0.000e+00
    466.656    469.839     8.0278   3.603814    34.5606    1489.77    1489.61    1490.14  0.000e+00
    466.656    469.839     8.0279   3.603814    34.5604    1489.77    1489.61    1490.14  0.000e+00
    466.623    469.805     8.0278   3.603880    34.5613    1489.77    1489.61    1490.14  0.000e+00
    466.603    469.785     8.0278   3.603904    34.5616    1489.77    1489.61    1490.14  0.000e+00
    466.603    469.785     8.0283   3.603953    34.5616    1489.77    1489.61    1490.14  0.000e+00
    466.603    469.785     8.0284   3.603916    34.5611    1489.77    1489.61    1490.14  0.000e+00
    466.603    469.785     8.0287   3.603928    34.5609    1489.77    1489.61    1490.15  0.000e+00
    466.603    469.785     8.0288   3.603965    34.5612    1489.77    1489.61    1490.15  0.000e+00
    466.557    469.739     8.0287   3.603947    34.5611    1489.77    1489.61    1490.14  0.000e+00
    466.603    469.785     8.0288   3.603959    34.5612    1489.77    1489.61    1490.15  0.000e+00
    466.570    469.752     8.0288   3.603916    34.5607    1489.77    1489.61    1490.14  0.000e+00
    466.510    469.692     8.0284   3.603928    34.5613    1489.77    1489.61    1490.14  0.000e+00
    466.557    469.739     8.0284   3.603844    34.5603    1489.77    1489.61    1490.14  0.000e+00
    466.557    469.739     8.0281   3.603862    34.5608    1489.77    1489.61    1490.14  0.000e+00
    466.510    469.692     8.0281   3.603874    34.5610    1489.76    1489.61    1490.14  0.000e+00
    466.510    469.692     8.0277   3.603826    34.5609    1489.76    1489.61    1490.14  0.000e+00
    466.557    469.739     8.0277   3.603832    34.5609    1489.76    1489.61    1490.14  0.000e+00
    466.457    469.639     8.0278   3.603820    34.5608    1489.76    1489.61    1490.14  0.000e+00
    466.524    469.705     8.0283   3.603814    34.5601    1489.76    1489.61    1490.14  0.000e+00
    466.510    469.692     8.0282   3.603814    34.5602    1489.76    1489.61    1490.14  0.000e+00
    466.457    469.639     8.0281   3.603880    34.5611    1489.76    1489.61    1490.14  0.000e+00
    466.457    469.639     8.0283   3.603904    34.5611    1489.76    1489.61    1490.14  0.000e+00
    466.457    469.639     8.0282   3.603880    34.5609    1489.76    1489.61    1490.14  0.000e+00
    466.457    469.639     8.0284   3.603874    34.5607    1489.76    1489.61    1490.14  0.000e+00
    466.411    469.592     8.0284   3.603898    34.5609    1489.76    1489.61    1490.14  0.000e+00
    466.457    469.639     8.0282   3.603904    34.5612    1489.76    1489.61    1490.14  0.000e+00
    466.424    469.605     8.0286   3.603928    34.5611    1489.77    1489.61    1490.14  0.000e+00
    466.411    469.592     8.0286   3.603941    34.5613    1489.77    1489.61    1490.14  0.000e+00
    466.411    469.592     8.0287   3.603910    34.5608    1489.77    1489.61    1490.14  0.000e+00
    466.358    469.539     8.0286   3.603904    34.5609    1489.76    1489.61    1490.14  0.000e+00
    466.358    469.539     8.0286   3.603904    34.5609    1489.76    1489.61    1490.14  0.000e+00
    466.411    469.592     8.0288   3.603953    34.5612    1489.77    1489.61    1490.14  0.000e+00
    466.312    469.492     8.0293   3.604013    34.5614    1489.77    1489.61    1490.14  0.000e+00
    466.358    469.539     8.0294   3.604007    34.5612    1489.77    1489.61    1490.14  0.000e+00
    466.325    469.505     8.0296   3.603953    34.5605    1489.77    1489.61    1490.14  0.000e+00
    466.312    469.492     8.0296   3.603959    34.5605    1489.77    1489.61    1490.14  0.000e+00
    466.312    469.492     8.0295   3.603953    34.5605    1489.77    1489.61    1490.14  0.000e+00
    466.312    469.492     8.0294   3.604007    34.5612    1489.77    1489.61    1490.14  0.000e+00
    466.259    469.439     8.0294   3.604031    34.5615    1489.77    1489.61    1490.14  0.000e+00
    466.259    469.439     8.0297   3.604055    34.5615    1489.77    1489.61    1490.14  0.000e+00
    466.259    469.439     8.0302   3.604013    34.5605    1489.77    1489.61    1490.14  0.000e+00
    466.226    469.405     8.0299   3.603977    34.5605    1489.77    1489.61    1490.14  0.000e+00
    466.259    469.439     8.0294   3.603922    34.5603    1489.76    1489.61    1490.14  0.000e+00
    466.213    469.392     8.0291   3.603928    34.5607    1489.76    1489.61    1490.14  0.000e+00
    466.167    469.345     8.0289   3.603959    34.5613    1489.76    1489.61    1490.14  0.000e+00
    466.213    469.392     8.0289   3.603971    34.5613    1489.76    1489.61    1490.14  0.000e+00
    466.213    469.392     8.0288   3.603898    34.5607    1489.76    1489.61    1490.14  0.000e+00
    466.114    469.292     8.0287   3.603874    34.5605    1489.76    1489.60    1490.14  0.000e+00
    466.167    469.345     8.0286   3.603898    34.5609    1489.76    1489.60    1490.14  0.000e+00
    466.133    469.312     8.0289   3.603928    34.5609    1489.76    1489.61    1490.14  0.000e+00
    466.114    469.292     8.0289   3.603959    34.5613    1489.76    1489.61    1490.14  0.000e+00
    466.114    469.292     8.0288   3.603946    34.5613    1489.76    1489.61    1490.14  0.000e+00
    466.067    469.245     8.0286   3.603910    34.5611    1489.76    1489.60    1490.14  0.000e+00
    466.114    469.292     8.0291   3.603928    34.5608    1489.76    1489.61    1490.14  0.000e+00
    466.067    469.245     8.0289   3.603965    34.5613    1489.76    1489.61    1490.14  0.000e+00
    466.014    469.192     8.0294   3.603971    34.5610    1489.76    1489.61    1490.14  0.000e+00
    466.081    469.259     8.0291   3.603989    34.5614    1489.76    1489.61    1490.14  0.000e+00
    466.014    469.192     8.0294   3.604001    34.5613    1489.76    1489.61    1490.14  0.000e+00
    466.014    469.192     8.0292   3.603880    34.5602    1489.76    1489.60    1490.14  0.000e+00
    465.968    469.145     8.0284   3.603868    34.5608    1489.76    1489.60    1490.13  0.000e+00
    466.014    469.192     8.0284   3.603850    34.5606    1489.76    1489.60    1490.13  0.000e+00
    465.968    469.145     8.0286   3.603886    34.5609    1489.76    1489.60    1490.13  0.000e+00
    465.968    469.145     8.0289   3.603928    34.5610    1489.76    1489.60    1490.14  0.000e+00
    465.935    469.112     8.0292   3.603910    34.5605    1489.76    1489.60    1490.14  0.000e+00
    465.968    469.145     8.0289   3.603928    34.5610    1489.76    1489.60    1490.14  0.000e+00
    465.915    469.092     8.0293   3.603940    34.5608    1489.76    1489.60    1490.14  0.000e+00
    465.915    469.092     8.0290   3.603983    34.5615    1489.76    1489.60    1490.14  0.000e+00
    465.915    469.092     8.0296   3.604001    34.5612    1489.76    1489.60    1490.14  0.000e+00
    465.968    469.145     8.0294   3.604019    34.5615    1489.76    1489.61    1490.14  0.000e+00
    465.869    469.045     8.0295   3.603958    34.5608    1489.76    1489.60    1490.14  0.000e+00
    465.889    469.065     8.0296   3.603983    34.5610    1489.76    1489.60    1490.14  0.000e+00
    465.915    469.092     8.0298   3.604001    34.5610    1489.76    1489.61    1490.14  0.000e+00
    465.869    469.045     8.0295   3.604049    34.5618    1489.76    1489.60    1490.14  0.000e+00
    465.869    469.045     8.0296   3.604037    34.5616    1489.76    1489.60    1490.14  0.000e+00
    465.869    469.045     8.0294   3.603983    34.5612    1489.76    1489.60    1490.14  0.000e+00
    465.869    469.045     8.0291   3.603971    34.5614    1489.76    1489.60    1490.13  0.000e+00
    465.869    469.045     8.0289   3.603971    34.5615    1489.76    1489.60    1490.13  0.000e+00
    465.889    469.065     8.0294   3.603971    34.5611    1489.76    1489.60    1490.14  0.000e+00
    465.869    469.045     8.0291   3.603946    34.5611    1489.76    1489.60    1490.13  0.000e+00
    465.869    469.046     8.0289   3.603940    34.5612    1489.76    1489.60    1490.13  0.000e+00
    465.869    469.046     8.0290   3.603940    34.5611    1489.76    1489.60    1490.13  0.000e+00
    465.869    469.046     8.0294   3.603958    34.5609    1489.76    1489.60    1490.14  0.000e+00
    465.869    469.046     8.0294   3.603916    34.5605    1489.76    1489.60    1490.13  0.000e+00
    465.869    469.046     8.0294   3.603934    34.5606    1489.76    1489.60    1490.14  0.000e+00
    465.889    469.066     8.0296   3.603983    34.5610    1489.76    1489.60    1490.14  0.000e+00
    465.915    469.092     8.0305   3.604019    34.5605    1489.76    1489.61    1490.14  0.000e+00
    465.869    469.046     8.0309   3.604007    34.5600    1489.76    1489.61    1490.14  0.000e+00
    465.915    469.092     8.0304   3.604019    34.5606    1489.76    1489.61    1490.14  0.000e+00
    465.915    469.092     8.0300   3.603934    34.5600    1489.76    1489.61    1490.14  0.000e+00
    465.915    469.092     8.0296   3.603958    34.5607    1489.76    1489.60    1490.14  0.000e+00
    465.869    469.046     8.0294   3.603971    34.5610    1489.76    1489.60    1490.14  0.000e+00
    465.981    469.159     8.0295   3.603989    34.5611    1489.76    1489.61    1490.14  0.000e+00
    465.968    469.145     8.0296   3.603977    34.5609    1489.76    1489.61    1490.14  0.000e+00
    465.968    469.145     8.0294   3.603971    34.5610    1489.76    1489.60    1490.14  0.000e+00
    465.968    469.145     8.0293   3.603971    34.5611    1489.76    1489.60    1490.14  0.000e+00
    466.014    469.192     8.0296   3.603971    34.5608    1489.76    1489.61    1490.14  0.000e+00
    466.014    469.192     8.0299   3.604013    34.5610    1489.76    1489.61    1490.14  0.000e+00
    466.014    469.192     8.0299   3.604080    34.5616    1489.76    1489.61    1490.14  0.000e+00
    466.034    469.212     8.0300   3.604073    34.5614    1489.76    1489.61    1490.14  0.000e+00
    466.014    469.192     8.0302   3.604037    34.5609    1489.76    1489.61    1490.14  0.000e+00
    466.067    469.245     8.0302   3.604007    34.5605    1489.76    1489.61    1490.14  0.000e+00
    466.114    469.292     8.0302   3.604055    34.5610    1489.77    1489.61    1490.14  0.000e+00
    466.114    469.292     8.0303   3.604067    34.5610    1489.77    1489.61    1490.14  0.000e+00
    466.067    469.245     8.0299   3.604037    34.5612    1489.76    1489.61    1490.14  0.000e+00
    466.167    469.345     8.0299   3.604031    34.5611    1489.77    1489.61    1490.14  0.000e+00
    466.213    469.392     8.0299   3.603983    34.5605    1489.77    1489.61    1490.14  0.000e+00
    466.180    469.359     8.0298   3.603989    34.5607    1489.77    1489.61    1490.14  0.000e+00
    466.167    469.345     8.0297   3.603983    34.5607    1489.76    1489.61    1490.14  0.000e+00
