data/input/seabird/ITF17019.cnv
* Sea-Bird SBE 9 Data File:
* FileName = \\sol-nas\Data\Field Trips\6759\Data\LivewireCTD\ITF17019.hex
* Software Version Seasave V 7.23.2
* Temperature SN = 5165
* Conductivity SN = 4406
* Number of Bytes Per Scan = 44
* Number of Voltage Words = 5
* Number of Scans Averaged by the Deck Unit = 1
* NMEA Latitude = 09 48.94 S
* NMEA Longitude = 127 33.25 E
* NMEA UTC (Time) = Jul 19 2017  21:58:44
* NMEA baud rate = 4800
** Ship: Solander
** Station: DARBGF
** Operator: FM
# nquan = 9
# nvalues = 30958                                 
# units = specified
# name 0 = depSM: Depth [salt water, m]
# name 1 = prDM: Pressure, Digiquartz [db]
# name 2 = t090C: Temperature [ITS-90, deg C]
# name 3 = c0S/m: Conductivity [S/m]
# name 4 = sal00: Salinity, Practical [PSU]
# name 5 = svCM: Sound Velocity [Chen-Millero, m/s]
# name 6 = svDM: Sound Velocity [Delgrosso, m/s]
# name 7 = svWM: Sound Velocity [Wilson, m/s]
# name 8 = flag:  0.000e+00
# span 0 =     -0.166,    467.146                 
# span 1 =     -0.167,    470.332                 
# span 2 =     8.0254,    27.3907                 
# span 3 =   0.190896,   5.427311                 
# span 4 =     0.9389,    34.5721                 
# span 5 =    1489.75,    1540.16                 
# span 6 =    1489.59,    1540.01                 
# span 7 =    1490.13,    1540.42                 
# span 8 = 0.0000e+00, 0.0000e+00                 
# interval = seconds: 0.0416667
# start_time = Jul 19 2017 21:58:46 [System UTC, first data scan.]
# bad_flag = -9.990e-29
*END*
[from data line 24321]
    184.291    185.421    15.8639   4.332945    34.5336    1511.91    1511.87    1512.56  0.000e+00
    184.291    185.421    15.8639   4.332958    34.5337    1511.91    1511.87    1512.56  0.000e+00
    184.199    185.328    15.8641   4.332971    34.5337    1511.91    1511.87    1512.56  0.000e+00
    184.146    185.275    15.8639   4.332971    34.5339    1511.91    1511.87    1512.56  0.000e+00
    184.146    185.275    15.8639   4.332971    34.5339    1511.91    1511.87    1512.56  0.000e+00
    184.047    185.175    15.8642   4.333049    34.5344    1511.90    1511.87    1512.56  0.000e+00
    184.047    185.175    15.8645   4.333049    34.5341    1511.91    1511.87    1512.56  0.000e+00
    183.955    185.083    15.8653   4.333101    34.5339    1511.91    1511.87    1512.56  0.000e+00
    183.903    185.030    15.8653   4.333114    34.5341    1511.91    1511.87    1512.56  0.000e+00
    183.863    184.990    15.8653   4.333140    34.5343    1511.91    1511.87    1512.56  0.000e+00
    183.856    184.983    15.8655   4.333153    34.5343    1511.91    1511.87    1512.56  0.000e+00
    183.758    184.884    15.8658   4.333205    34.5345    1511.91    1511.87    1512.56  0.000e+00
    183.712    184.838    15.8663   4.333251    34.5344    1511.91    1511.87    1512.56  0.000e+00
    183.659    184.785    15.8668   4.333316    34.5346    1511.91    1511.87    1512.56  0.000e+00
    183.659    184.785    15.8668   4.333257    34.5341    1511.91    1511.87    1512.56  0.000e+00
    183.567    184.692    15.8670   4.333283    34.5342    1511.91    1511.87    1512.56  0.000e+00
    183.567    184.692    15.8670   4.333303    34.5344    1511.91    1511.87    1512.56  0.000e+00
    183.468    184.592    15.8670   4.333322    34.5346    1511.90    1511.87    1512.56  0.000e+00
    183.468    184.592    15.8673   4.333368    34.5347    1511.91    1511.87    1512.56  0.000e+00
    183.429    184.553    15.8673   4.333342    34.5345    1511.90    1511.87    1512.56  0.000e+00
    183.369    184.493    15.8677   4.333335    34.5342    1511.90    1511.87    1512.56  0.000e+00
    183.323    184.447    15.8675   4.333335    34.5343    1511.90    1511.87    1512.56  0.000e+00
    183.271    184.394    15.8673   4.333335    34.5345    1511.90    1511.87    1512.56  0.000e+00
    183.224    184.347    15.8675   4.333361    34.5346    1511.90    1511.87    1512.56  0.000e+00
    183.225    184.347    15.8677   4.333374    34.5346    1511.90    1511.87    1512.56  0.000e+00
    183.178    184.301    15.8677   4.333322    34.5341    1511.90    1511.87    1512.56  0.000e+00
    183.126    184.248    15.8673   4.333303    34.5343    1511.90    1511.86    1512.55  0.000e+00
    183.080    184.201    15.8675   4.333322    34.5343    1511.90    1511.86    1512.55  0.000e+00
    183.086    184.208    15.8677   4.333361    34.5345    1511.90    1511.87    1512.56  0.000e+00
    183.027    184.148    15.8677   4.333348    34.5344    1511.90    1511.86    1512.55  0.000e+00
    182.935    184.056    15.8677   4.333361    34.5346    1511.90    1511.86    1512.55  0.000e+00
    182.935    184.056    15.8677   4.333400    34.5349    1511.90    1511.86    1512.55  0.000e+00
    182.882    184.003    15.8675   4.333387    34.5350    1511.90    1511.86    1512.55  0.000e+00
    182.836    183.956    15.8677   4.333374    34.5347    1511.90    1511.86    1512.55  0.000e+00
    182.836    183.956    15.8679   4.333342    34.5343    1511.90    1511.86    1512.55  0.000e+00
    182.783    183.903    15.8679   4.333413    34.5349    1511.90    1511.86    1512.55  0.000e+00
    182.744    183.863    15.8679   4.333426    34.5351    1511.90    1511.86    1512.55  0.000e+00
    182.639    183.757    15.8683   4.333465    34.5350    1511.90    1511.86    1512.55  0.000e+00
    182.691    183.810    15.8687   4.333485    34.5349    1511.90    1511.86    1512.55  0.000e+00
    182.593    183.711    15.8685   4.333485    34.5351    1511.89    1511.86    1512.55  0.000e+00
    182.593    183.711    15.8683   4.333407    34.5345    1511.89    1511.86    1512.55  0.000e+00
    182.494    183.612    15.8685   4.333459    34.5349    1511.89    1511.86    1512.55  0.000e+00
    182.546    183.665    15.8687   4.333537    34.5354    1511.90    1511.86    1512.55  0.000e+00
    182.402    183.519    15.8687   4.333498    34.5351    1511.89    1511.86    1512.55  0.000e+00
    182.395    183.512    15.8687   4.333485    34.5350    1511.89    1511.86    1512.55  0.000e+00
    182.395    183.512    15.8689   4.333452    34.5346    1511.89    1511.86    1512.55  0.000e+00
    182.303    183.419    15.8685   4.333472    34.5351    1511.89    1511.86    1512.55  0.000e+00
    182.303    183.419    15.8685   4.333485    34.5352    1511.89    1511.86    1512.55  0.000e+00
    182.204    183.320    15.8685   4.333485    34.5352    1511.89    1511.85    1512.54  0.000e+00
    182.204    183.320    15.8690   4.333511    34.5350    1511.89    1511.86    1512.55  0.000e+00
    182.151    183.267    15.8692   4.333602    34.5357    1511.89    1511.86    1512.55  0.000e+00
    182.112    183.227    15.8696   4.333556    34.5350    1511.89    1511.86    1512.55  0.000e+00
    182.105    183.221    15.8697   4.333550    34.5348    1511.89    1511.86    1512.55  0.000e+00
    182.007    183.121    15.8697   4.333615    34.5354    1511.89    1511.85    1512.55  0.000e+00
    182.007    183.121    15.8701   4.333602    34.5350    1511.89    1511.86    1512.55  0.000e+00
    181.914    183.029    15.8701   4.333680    34.5357    1511.89    1511.85    1512.55  0.000e+00
    181.914    183.029    15.8704   4.333706    34.5357    1511.89    1511.86    1512.55  0.000e+00
    181.868    182.982    15.8707   4.333706    34.5354    1511.89    1511.86    1512.55  0.000e+00
    181.763    182.876    15.8709   4.333732    34.5355    1511.89    1511.85    1512.55  0.000e+00
    181.763    182.876    15.8711   4.333687    34.5350    1511.89    1511.85    1512.54  0.000e+00
    181.671    182.783    15.8711   4.333667    34.5348    1511.89    1511.85    1512.54  0.000e+00
    181.671    182.783    15.8709   4.333745    34.5357    1511.89    1511.85    1512.54  0.000e+00
    181.618    182.730    15.8711   4.333699    34.5351    1511.89    1511.85    1512.54  0.000e+00
    181.519    182.631    15.8709   4.333693    34.5353    1511.88    1511.85    1512.54  0.000e+00
    181.526    182.638    15.8709   4.333706    34.5354    1511.88    1511.85    1512.54  0.000e+00
    181.473    182.585    15.8709   4.333732    34.5356    1511.88    1511.85    1512.54  0.000e+00
    181.427    182.538    15.8707   4.333667    34.5352    1511.88    1511.85    1512.54  0.000e+00
    181.329    182.439    15.8709   4.333686    34.5353    1511.88    1511.85    1512.54  0.000e+00
    181.282    182.392    15.8707   4.333706    34.5356    1511.88    1511.85    1512.54  0.000e+00
    181.230    182.339    15.8711   4.333732    34.5356    1511.88    1511.85    1512.54  0.000e+00
    181.190    182.300    15.8711   4.333719    34.5355    1511.88    1511.85    1512.54  0.000e+00
    181.085    182.194    15.8712   4.333732    34.5355    1511.88    1511.84    1512.53  0.000e+00
    181.085    182.194    15.8712   4.333745    34.5356    1511.88    1511.84    1512.54  0.000e+00
    180.986    182.094    15.8712   4.333745    34.5356    1511.88    1511.84    1512.53  0.000e+00
    180.986    182.094    15.8712   4.333745    34.5356    1511.88    1511.84    1512.53  0.000e+00
    180.887    181.995    15.8714   4.333745    34.5355    1511.88    1511.84    1512.53  0.000e+00
    180.848    181.955    15.8712   4.333712    34.5354    1511.87    1511.84    1512.53  0.000e+00
    180.743    181.849    15.8711   4.333732    34.5358    1511.87    1511.84    1512.53  0.000e+00
    180.697    181.803    15.8711   4.333686    34.5354    1511.87    1511.84    1512.53  0.000e+00
    180.598    181.703    15.8709   4.333666    34.5354    1511.87    1511.84    1512.53  0.000e+00
    180.552    181.657    15.8709   4.333725    34.5359    1511.87    1511.83    1512.53  0.000e+00
    180.499    181.604    15.8709   4.333666    34.5354    1511.87    1511.83    1512.52  0.000e+00
    180.407    181.511    15.8706   4.333634    34.5355    1511.87    1511.83    1512.52  0.000e+00
    180.354    181.458    15.8704   4.333634    34.5356    1511.86    1511.83    1512.52  0.000e+00
    180.255    181.359    15.8702   4.333634    34.5358    1511.86    1511.83    1512.52  0.000e+00
    180.209    181.312    15.8701   4.333608    34.5357    1511.86    1511.83    1512.52  0.000e+00
    180.163    181.266    15.8702   4.333621    34.5358    1511.86    1511.83    1512.52  0.000e+00
    180.018    181.120    15.8702   4.333653    34.5361    1511.86    1511.82    1512.51  0.000e+00
    180.018    181.120    15.8704   4.333692    34.5363    1511.86    1511.82    1512.52  0.000e+00
    179.920    181.021    15.8709   4.333679    34.5358    1511.86    1511.82    1512.52  0.000e+00
    179.821    180.921    15.8709   4.333692    34.5359    1511.86    1511.82    1512.51  0.000e+00
    179.775    180.875    15.8721   4.333953    34.5372    1511.86    1511.83    1512.52  0.000e+00
    179.683    180.782    15.8733   4.334090    34.5374    1511.86    1511.83    1512.52  0.000e+00
    179.623    180.722    15.8745   4.334090    34.5364    1511.87    1511.83    1512.52  0.000e+00
    179.531    180.630    15.8748   4.334103    34.5363    1511.86    1511.83    1512.52  0.000e+00
    179.386    180.484    15.8752   4.334135    34.5363    1511.86    1511.83    1512.52  0.000e+00
    179.386    180.484    15.8757   4.334200    34.5365    1511.87    1511.83    1512.52  0.000e+00
    179.294    180.391    15.8762   4.334200    34.5361    1511.86    1511.83    1512.52  0.000e+00
    179.143    180.239    15.8763   4.334213    34.5361    1511.86    1511.83    1512.52  0.000e+00
    179.090    180.186    15.8768   4.334246    34.5360    1511.86    1511.83    1512.52  0.000e+00
    178.991    180.086    15.8772   4.334337    34.5365    1511.86    1511.83    1512.52  0.000e+00
    178.952    180.047    15.8777   4.334370    34.5364    1511.86    1511.83    1512.52  0.000e+00
    178.847    179.941    15.8784   4.334422    34.5363    1511.86    1511.83    1512.52  0.000e+00
    178.754    179.848    15.8789   4.334441    34.5360    1511.86    1511.83    1512.52  0.000e+00
    178.702    179.795    15.8789   4.334441    34.5361    1511.86    1511.83    1512.52  0.000e+00
    178.557    179.649    15.8792   4.334422    34.5356    1511.86    1511.83    1512.52  0.000e+00
    178.465    179.556    15.8794   4.334435    34.5356    1511.86    1511.83    1512.52  0.000e+00
    178.458    179.550    15.8793   4.334441    34.5358    1511.86    1511.83    1512.52  0.000e+00
    178.267    179.357    15.8792   4.334408    34.5356    1511.86    1511.82    1512.51  0.000e+00
    178.267    179.357    15.8787   4.334324    34.5353    1511.85    1511.82    1512.51  0.000e+00
    178.175    179.265    15.8785   4.334350    34.5358    1511.85    1511.82    1512.51  0.000e+00
    178.024    179.112    15.8785   4.334447    34.5367    1511.85    1511.82    1512.51  0.000e+00
    178.024    179.112    15.8792   4.334421    34.5358    1511.85    1511.82    1512.51  0.000e+00
    177.826    178.913    15.8794   4.334467    34.5362    1511.85    1511.82    1512.51  0.000e+00
    177.734    178.821    15.8797   4.334532    34.5365    1511.85    1511.82    1512.51  0.000e+00
    177.727    178.814    15.8805   4.334604    34.5365    1511.85    1511.82    1512.51  0.000e+00
    177.635    178.721    15.8814   4.334734    34.5369    1511.85    1511.82    1512.51  0.000e+00
    177.537    178.622    15.8821   4.334812    34.5370    1511.85    1511.82    1512.51  0.000e+00
    177.444    178.529    15.8832   4.334864    34.5366    1511.86    1511.82    1512.51  0.000e+00
    177.392    178.476    15.8842   4.334936    34.5364    1511.86    1511.82    1512.52  0.000e+00
    177.247    178.330    15.8849   4.335034    34.5367    1511.86    1511.82    1512.52  0.000e+00
    177.194    178.277    15.8855   4.335040    34.5362    1511.86    1511.83    1512.52  0.000e+00
    177.056    178.138    15.8861   4.335040    34.5358    1511.86    1511.82    1512.52  0.000e+00
    177.049    178.132    15.8865   4.335086    34.5358    1511.86    1511.83    1512.52  0.000e+00
    176.951    178.032    15.8869   4.335183    34.5364    1511.86    1511.83    1512.52  0.000e+00
    176.858    177.939    15.8875   4.335216    34.5361    1511.86    1511.83    1512.52  0.000e+00
    176.806    177.886    15.8879   4.335255    34.5362    1511.86    1511.83    1512.52  0.000e+00
    176.661    177.741    15.8886   4.335366    34.5367    1511.86    1511.83    1512.52  0.000e+00
    176.562    177.641    15.8899   4.335535    34.5370    1511.86    1511.83    1512.52  0.000e+00
    176.516    177.595    15.8912   4.335750    34.5379    1511.87    1511.83    1512.52  0.000e+00
    176.463    177.542    15.8940   4.336194    34.5394    1511.88    1511.84    1512.53  0.000e+00
    176.371    177.449    15.8989   4.336669    34.5394    1511.89    1511.86    1512.55  0.000e+00
    176.319    177.396    15.9037   4.337237    34.5403    1511.91    1511.87    1512.56  0.000e+00
    176.226    177.303    15.9102   4.338032    34.5418    1511.93    1511.89    1512.58  0.000e+00
    176.128    177.204    15.9174   4.338580    34.5404    1511.94    1511.91    1512.60  0.000e+00
    176.075    177.151    15.9233   4.339075    34.5397    1511.96    1511.93    1512.62  0.000e+00
    175.983    177.058    15.9280   4.339342    34.5380    1511.97    1511.94    1512.63  0.000e+00
    175.930    177.005    15.9314   4.339642    34.5377    1511.98    1511.95    1512.64  0.000e+00
    175.884    176.959    15.9360   4.340105    34.5378    1512.00    1511.96    1512.65  0.000e+00
    175.785    176.859    15.9409   4.340601    34.5380    1512.01    1511.98    1512.67  0.000e+00
    175.739    176.813    15.9455   4.341057    34.5381    1512.02    1511.99    1512.68  0.000e+00
    175.687    176.760    15.9500   4.341748    34.5404    1512.04    1512.00    1512.70  0.000e+00
    175.641    176.714    15.9603   4.343444    34.5465    1512.08    1512.04    1512.73  0.000e+00
    175.548    176.621    15.9768   4.345049    34.5465    1512.13    1512.09    1512.78  0.000e+00
    175.542    176.614    15.9893   4.345643    34.5408    1512.16    1512.12    1512.82  0.000e+00
    175.443    176.515    15.9962   4.346191    34.5398    1512.18    1512.14    1512.83  0.000e+00
    175.397    176.468    16.0058   4.347176    34.5402    1512.21    1512.17    1512.86  0.000e+00
    175.351    176.422    16.0166   4.348213    34.5400    1512.24    1512.20    1512.90  0.000e+00
    175.298    176.369    16.0263   4.348931    34.5380    1512.26    1512.23    1512.92  0.000e+00
    175.206    176.276    16.0333   4.349395    34.5361    1512.28    1512.25    1512.94  0.000e+00
    175.206    176.276    16.0386   4.349943    34.5363    1512.30    1512.27    1512.96  0.000e+00
    175.107    176.177    16.0445   4.350367    34.5350    1512.31    1512.28    1512.97  0.000e+00
    175.061    176.130    16.0486   4.350680    34.5343    1512.32    1512.29    1512.98  0.000e+00
    175.055    176.124    16.0523   4.350922    34.5332    1512.33    1512.30    1512.99  0.000e+00
    174.963    176.031    16.0551   4.351255    34.5337    1512.34    1512.31    1513.00  0.000e+00
    174.864    175.932    16.0577   4.351490    34.5336    1512.35    1512.32    1513.01  0.000e+00
    174.963    176.031    16.0596   4.351646    34.5333    1512.36    1512.32    1513.01  0.000e+00
    174.811    175.879    16.0615   4.352045    34.5353    1512.36    1512.33    1513.02  0.000e+00
    174.765    175.832    16.0659   4.352639    34.5367    1512.38    1512.34    1513.03  0.000e+00
