data/input/seabird/ITF17019.cnv
* Sea-Bird SBE 9 Data File:
* FileName = \\sol-nas\Data\Field Trips\6759\Data\LivewireCTD\ITF17019.hex
* Software Version Seasave V 7.23.2
* Temperature SN = 5165
* Conductivity SN = 4406
* Number of Bytes Per Scan = 44
* Number of Voltage Words = 5
* Number of Scans Averaged by the Deck Unit = 1
* NMEA Latitude = 09 48.94 S
* NMEA Longitude = 127 33.25 E
* NMEA UTC (Time) = Jul 19 2017  21:58:44
* NMEA baud rate = 4800
** Ship: Solander
** Station: DARBGF
** Operator: FM
# nquan = 9
# nvalues = 30958                                 
# units = specified
# name 0 = depSM: Depth [salt water, m]
# name 1 = prDM: Pressure, Digiquartz [db]
# name 2 = t090C: Temperature [ITS-90, deg C]
# name 3 = c0S/m: Conductivity [S/m]
# name 4 = sal00: Salinity, Practical [PSU]
# name 5 = svCM: Sound Velocity [Chen-Millero, m/s]
# name 6 = svDM: Sound Velocity [Delgrosso, m/s]
# name 7 = svWM: Sound Velocity [Wilson, m/s]
# name 8 = flag:  0.000e+00
# span 0 =     -0.166,    467.146                 
# span 1 =     -0.167,    470.332                 
# span 2 =     8.0254,    27.3907                 
# span 3 =   0.190896,   5.427311                 
# span 4 =     0.9389,    34.5721                 
# span 5 =    1489.75,    1540.16                 
# span 6 =    1489.59,    1540.01                 
# span 7 =    1490.13,    1540.42                 
# span 8 = 0.0000e+00, 0.0000e+00                 
# interval = seconds: 0.0416667
# start_time = Jul 19 2017 21:58:46 [System UTC, first data scan.]
# bad_flag = -9.990e-29
*END*
[from data line 22561]
    263.569    265.236    12.0206   3.965412    34.5297    1500.71    1500.64    1501.28  0.000e+00
    263.569    265.236    12.0199   3.965374    34.5300    1500.71    1500.64    1501.28  0.000e+00
    263.622    265.289    12.0195   3.965330    34.5299    1500.71    1500.64    1501.28  0.000e+00
    263.668    265.336    12.0192   3.965355    34.5304    1500.71    1500.64    1501.28  0.000e+00
    263.622    265.289    12.0192   3.965292    34.5298    1500.71    1500.64    1501.28  0.000e+00
    263.668    265.336    12.0189   3.965273    34.5299    1500.71    1500.64    1501.28  0.000e+00
    263.688    265.356    12.0189   3.965349    34.5306    1500.71    1500.64    1501.28  0.000e+00
    263.668    265.336    12.0192   3.965393    34.5308    1500.71    1500.64    1501.28  0.000e+00
    263.714    265.382    12.0199   3.965443    34.5306    1500.71    1500.64    1501.28  0.000e+00
    263.715    265.382    12.0202   3.965443    34.5303    1500.71    1500.64    1501.29  0.000e+00
    263.767    265.435    12.0202   3.965449    34.5303    1500.72    1500.64    1501.29  0.000e+00
    263.767    265.435    12.0199   3.965418    34.5304    1500.71    1500.64    1501.28  0.000e+00
    263.813    265.482    12.0194   3.965330    34.5299    1500.71    1500.64    1501.28  0.000e+00
    263.767    265.436    12.0195   3.965361    34.5301    1500.71    1500.64    1501.28  0.000e+00
    263.833    265.502    12.0190   3.965399    34.5310    1500.71    1500.64    1501.28  0.000e+00
    263.866    265.535    12.0192   3.965330    34.5301    1500.71    1500.64    1501.28  0.000e+00
    263.866    265.535    12.0189   3.965311    34.5302    1500.71    1500.64    1501.28  0.000e+00
    263.866    265.535    12.0187   3.965330    34.5305    1500.71    1500.64    1501.28  0.000e+00
    263.912    265.582    12.0185   3.965343    34.5308    1500.71    1500.64    1501.28  0.000e+00
    263.959    265.628    12.0185   3.965311    34.5305    1500.71    1500.64    1501.28  0.000e+00
    263.913    265.582    12.0184   3.965305    34.5306    1500.71    1500.64    1501.28  0.000e+00
    264.011    265.681    12.0185   3.965311    34.5305    1500.71    1500.64    1501.28  0.000e+00
    263.978    265.648    12.0184   3.965305    34.5305    1500.71    1500.64    1501.28  0.000e+00
    264.011    265.681    12.0184   3.965324    34.5307    1500.71    1500.64    1501.28  0.000e+00
    264.058    265.728    12.0182   3.965292    34.5306    1500.71    1500.64    1501.28  0.000e+00
    264.058    265.728    12.0182   3.965299    34.5306    1500.71    1500.64    1501.28  0.000e+00
    264.110    265.781    12.0182   3.965336    34.5310    1500.71    1500.64    1501.29  0.000e+00
    264.110    265.781    12.0181   3.965236    34.5301    1500.71    1500.64    1501.28  0.000e+00
    264.157    265.828    12.0169   3.965047    34.5294    1500.71    1500.64    1501.28  0.000e+00
    264.157    265.828    12.0146   3.964846    34.5295    1500.70    1500.63    1501.27  0.000e+00
    264.157    265.828    12.0126   3.964708    34.5301    1500.70    1500.62    1501.27  0.000e+00
    264.269    265.940    12.0111   3.964607    34.5304    1500.69    1500.62    1501.26  0.000e+00
    264.256    265.927    12.0106   3.964563    34.5304    1500.69    1500.62    1501.26  0.000e+00
    264.256    265.927    12.0098   3.964494    34.5305    1500.69    1500.62    1501.26  0.000e+00
    264.302    265.974    12.0091   3.964419    34.5304    1500.69    1500.62    1501.26  0.000e+00
    264.302    265.974    12.0084   3.964369    34.5305    1500.68    1500.61    1501.25  0.000e+00
    264.348    266.020    12.0071   3.964136    34.5294    1500.68    1500.61    1501.25  0.000e+00
    264.401    266.073    12.0046   3.963960    34.5300    1500.67    1500.60    1501.24  0.000e+00
    264.348    266.020    12.0031   3.963860    34.5304    1500.67    1500.60    1501.24  0.000e+00
    264.447    266.120    12.0017   3.963665    34.5299    1500.66    1500.59    1501.23  0.000e+00
    264.467    266.140    11.9998   3.963483    34.5298    1500.66    1500.59    1501.23  0.000e+00
    264.447    266.120    11.9976   3.963332    34.5303    1500.65    1500.58    1501.22  0.000e+00
    264.546    266.220    11.9957   3.963175    34.5306    1500.64    1500.57    1501.21  0.000e+00
    264.500    266.173    11.9940   3.963005    34.5305    1500.64    1500.57    1501.21  0.000e+00
    264.546    266.220    11.9925   3.962905    34.5309    1500.63    1500.56    1501.20  0.000e+00
    264.592    266.266    11.9915   3.962792    34.5307    1500.63    1500.56    1501.20  0.000e+00
    264.546    266.220    11.9903   3.962729    34.5312    1500.63    1500.56    1501.20  0.000e+00
    264.645    266.319    11.9895   3.962616    34.5308    1500.63    1500.55    1501.19  0.000e+00
    264.645    266.319    11.9892   3.962622    34.5312    1500.62    1500.55    1501.19  0.000e+00
    264.612    266.286    11.9889   3.962622    34.5315    1500.62    1500.55    1501.19  0.000e+00
    264.691    266.366    11.9881   3.962490    34.5308    1500.62    1500.55    1501.19  0.000e+00
    264.744    266.419    11.9867   3.962283    34.5301    1500.62    1500.55    1501.19  0.000e+00
    264.691    266.366    11.9845   3.962056    34.5299    1500.61    1500.54    1501.18  0.000e+00
    264.744    266.419    11.9824   3.961818    34.5296    1500.60    1500.53    1501.17  0.000e+00
    264.744    266.419    11.9786   3.961497    34.5300    1500.59    1500.52    1501.16  0.000e+00
    264.790    266.465    11.9762   3.961384    34.5310    1500.58    1500.51    1501.15  0.000e+00
    264.790    266.465    11.9749   3.961328    34.5317    1500.58    1500.51    1501.15  0.000e+00
    264.836    266.512    11.9745   3.961284    34.5317    1500.58    1500.51    1501.15  0.000e+00
    264.836    266.512    11.9734   3.961146    34.5313    1500.57    1500.50    1501.14  0.000e+00
    264.810    266.485    11.9721   3.961051    34.5316    1500.57    1500.50    1501.14  0.000e+00
    264.836    266.512    11.9711   3.960963    34.5316    1500.57    1500.50    1501.14  0.000e+00
    264.889    266.565    11.9701   3.960907    34.5320    1500.56    1500.49    1501.13  0.000e+00
    264.836    266.512    11.9689   3.960769    34.5318    1500.56    1500.49    1501.13  0.000e+00
    264.935    266.612    11.9683   3.960700    34.5317    1500.56    1500.49    1501.13  0.000e+00
    264.889    266.565    11.9675   3.960637    34.5318    1500.56    1500.48    1501.12  0.000e+00
    264.889    266.565    11.9671   3.960624    34.5320    1500.55    1500.48    1501.12  0.000e+00
    264.935    266.612    11.9668   3.960624    34.5323    1500.55    1500.48    1501.12  0.000e+00
    264.889    266.565    11.9671   3.960649    34.5323    1500.55    1500.48    1501.12  0.000e+00
    264.935    266.612    11.9671   3.960605    34.5318    1500.55    1500.48    1501.12  0.000e+00
    264.935    266.612    11.9670   3.960668    34.5325    1500.56    1500.48    1501.12  0.000e+00
    264.909    266.585    11.9680   3.960743    34.5324    1500.56    1500.49    1501.13  0.000e+00
    264.935    266.612    11.9687   3.960813    34.5323    1500.56    1500.49    1501.13  0.000e+00
    264.988    266.665    11.9696   3.960857    34.5319    1500.56    1500.49    1501.13  0.000e+00
    264.889    266.565    11.9699   3.960813    34.5312    1500.56    1500.49    1501.13  0.000e+00
    264.936    266.612    11.9698   3.960844    34.5317    1500.56    1500.49    1501.13  0.000e+00
    264.988    266.665    11.9710   3.960995    34.5320    1500.57    1500.50    1501.14  0.000e+00
    264.889    266.565    11.9718   3.961114    34.5325    1500.57    1500.50    1501.14  0.000e+00
    264.936    266.612    11.9738   3.961372    34.5331    1500.58    1500.51    1501.15  0.000e+00
    264.936    266.612    11.9766   3.961548    34.5323    1500.59    1500.52    1501.16  0.000e+00
    264.890    266.566    11.9771   3.961610    34.5324    1500.59    1500.52    1501.16  0.000e+00
    264.955    266.632    11.9769   3.961566    34.5321    1500.59    1500.52    1501.16  0.000e+00
    264.890    266.566    11.9757   3.961479    34.5324    1500.58    1500.51    1501.15  0.000e+00
    264.890    266.566    11.9738   3.961315    34.5326    1500.58    1500.51    1501.15  0.000e+00
    264.837    266.512    11.9734   3.961221    34.5320    1500.57    1500.50    1501.14  0.000e+00
    264.837    266.513    11.9734   3.961152    34.5313    1500.57    1500.50    1501.14  0.000e+00
    264.890    266.566    11.9726   3.961032    34.5309    1500.57    1500.50    1501.14  0.000e+00
    264.837    266.513    11.9715   3.960944    34.5311    1500.57    1500.50    1501.14  0.000e+00
    264.791    266.466    11.9699   3.960831    34.5315    1500.56    1500.49    1501.13  0.000e+00
    264.837    266.513    11.9687   3.960693    34.5313    1500.56    1500.49    1501.13  0.000e+00
    264.791    266.466    11.9678   3.960662    34.5318    1500.55    1500.48    1501.12  0.000e+00
    264.758    266.433    11.9675   3.960655    34.5321    1500.55    1500.48    1501.12  0.000e+00
    264.791    266.466    11.9676   3.960712    34.5325    1500.55    1500.48    1501.12  0.000e+00
    264.745    266.420    11.9678   3.960731    34.5325    1500.55    1500.48    1501.12  0.000e+00
    264.745    266.420    11.9683   3.960731    34.5320    1500.56    1500.48    1501.12  0.000e+00
    264.692    266.367    11.9688   3.960775    34.5320    1500.56    1500.49    1501.13  0.000e+00
    264.646    266.320    11.9695   3.960819    34.5318    1500.56    1500.49    1501.13  0.000e+00
    264.692    266.367    11.9703   3.960907    34.5319    1500.56    1500.49    1501.13  0.000e+00
    264.646    266.320    11.9713   3.960982    34.5318    1500.56    1500.49    1501.13  0.000e+00
    264.593    266.267    11.9721   3.961076    34.5319    1500.57    1500.50    1501.14  0.000e+00
    264.646    266.320    11.9736   3.961284    34.5325    1500.57    1500.50    1501.14  0.000e+00
    264.567    266.241    11.9759   3.961497    34.5325    1500.58    1500.51    1501.15  0.000e+00
    264.547    266.221    11.9784   3.961755    34.5327    1500.59    1500.52    1501.16  0.000e+00
    264.547    266.221    11.9814   3.962056    34.5329    1500.60    1500.53    1501.17  0.000e+00
    264.501    266.174    11.9841   3.962213    34.5320    1500.61    1500.53    1501.18  0.000e+00
    264.501    266.174    11.9861   3.962371    34.5317    1500.61    1500.54    1501.18  0.000e+00
    264.448    266.121    11.9870   3.962452    34.5316    1500.61    1500.54    1501.18  0.000e+00
    264.448    266.121    11.9880   3.962502    34.5312    1500.62    1500.55    1501.19  0.000e+00
    264.402    266.075    11.9885   3.962540    34.5311    1500.62    1500.55    1501.19  0.000e+00
    264.402    266.075    11.9887   3.962572    34.5313    1500.62    1500.55    1501.19  0.000e+00
    264.422    266.095    11.9890   3.962559    34.5308    1500.62    1500.55    1501.19  0.000e+00
    264.303    265.975    11.9890   3.962571    34.5310    1500.62    1500.55    1501.19  0.000e+00
    264.303    265.975    11.9895   3.962622    34.5310    1500.62    1500.55    1501.19  0.000e+00
    264.303    265.975    11.9897   3.962647    34.5311    1500.62    1500.55    1501.19  0.000e+00
    264.303    265.975    11.9897   3.962653    34.5312    1500.62    1500.55    1501.19  0.000e+00
    264.205    265.876    11.9900   3.962678    34.5311    1500.62    1500.55    1501.19  0.000e+00
    264.257    265.929    11.9907   3.962703    34.5307    1500.62    1500.55    1501.19  0.000e+00
    264.205    265.876    11.9908   3.962766    34.5312    1500.62    1500.55    1501.19  0.000e+00
    264.159    265.829    11.9912   3.962867    34.5319    1500.62    1500.55    1501.19  0.000e+00
    264.126    265.796    11.9924   3.962986    34.5320    1500.63    1500.56    1501.20  0.000e+00
    264.112    265.783    11.9940   3.963181    34.5324    1500.63    1500.56    1501.20  0.000e+00
    264.112    265.783    11.9965   3.963420    34.5324    1500.64    1500.57    1501.21  0.000e+00
    264.112    265.783    11.9983   3.963545    34.5320    1500.65    1500.58    1501.22  0.000e+00
    264.014    265.683    11.9996   3.963652    34.5318    1500.65    1500.58    1501.22  0.000e+00
    264.014    265.683    12.0003   3.963709    34.5317    1500.65    1500.58    1501.22  0.000e+00
    264.014    265.684    12.0017   3.963860    34.5320    1500.66    1500.59    1501.23  0.000e+00
    264.014    265.684    12.0029   3.963998    34.5321    1500.66    1500.59    1501.23  0.000e+00
    263.836    265.504    12.0051   3.964255    34.5327    1500.67    1500.60    1501.24  0.000e+00
    264.014    265.684    12.0078   3.964475    34.5323    1500.68    1500.61    1501.25  0.000e+00
    263.961    265.630    12.0098   3.964620    34.5319    1500.68    1500.61    1501.25  0.000e+00
    263.869    265.538    12.0104   3.964620    34.5313    1500.68    1500.61    1501.26  0.000e+00
    263.869    265.538    12.0104   3.964702    34.5321    1500.69    1500.61    1501.26  0.000e+00
    263.816    265.484    12.0116   3.964827    34.5323    1500.69    1500.62    1501.26  0.000e+00
    263.869    265.538    12.0126   3.964827    34.5313    1500.69    1500.62    1501.26  0.000e+00
    263.770    265.438    12.0134   3.964909    34.5314    1500.69    1500.62    1501.26  0.000e+00
    263.816    265.485    12.0131   3.964878    34.5314    1500.69    1500.62    1501.26  0.000e+00
    263.737    265.405    12.0132   3.964909    34.5316    1500.69    1500.62    1501.26  0.000e+00
    263.770    265.438    12.0138   3.964934    34.5313    1500.69    1500.62    1501.26  0.000e+00
    263.717    265.385    12.0146   3.964978    34.5310    1500.70    1500.63    1501.27  0.000e+00
    263.717    265.385    12.0156   3.965110    34.5314    1500.70    1500.63    1501.27  0.000e+00
    263.671    265.339    12.0166   3.965236    34.5317    1500.70    1500.63    1501.27  0.000e+00
    263.671    265.339    12.0169   3.965267    34.5317    1500.70    1500.63    1501.27  0.000e+00
    263.671    265.339    12.0171   3.965273    34.5316    1500.70    1500.63    1501.28  0.000e+00
    263.539    265.206    12.0163   3.965242    34.5320    1500.70    1500.63    1501.27  0.000e+00
    263.770    265.438    12.0161   3.965204    34.5318    1500.70    1500.63    1501.27  0.000e+00
    263.625    265.292    12.0157   3.965129    34.5314    1500.70    1500.63    1501.27  0.000e+00
    263.625    265.292    12.0164   3.965204    34.5315    1500.70    1500.63    1501.27  0.000e+00
    263.572    265.239    12.0167   3.965255    34.5318    1500.70    1500.63    1501.27  0.000e+00
    263.625    265.292    12.0174   3.965355    34.5321    1500.71    1500.63    1501.28  0.000e+00
    263.572    265.239    12.0177   3.965374    34.5320    1500.71    1500.63    1501.28  0.000e+00
    263.572    265.239    12.0176   3.965330    34.5317    1500.70    1500.63    1501.28  0.000e+00
    263.592    265.259    12.0174   3.965330    34.5319    1500.70    1500.63    1501.28  0.000e+00
    263.526    265.193    12.0176   3.965280    34.5313    1500.70    1500.63    1501.27  0.000e+00
    263.572    265.239    12.0174   3.965324    34.5318    1500.70    1500.63    1501.27  0.000e+00
    263.625    265.292    12.0171   3.965311    34.5320    1500.70    1500.63    1501.27  0.000e+00
    263.526    265.193    12.0171   3.965305    34.5320    1500.70    1500.63    1501.27  0.000e+00
    263.573    265.239    12.0167   3.965286    34.5321    1500.70    1500.63    1501.27  0.000e+00
    263.526    265.193    12.0161   3.965192    34.5318    1500.70    1500.63    1501.27  0.000e+00
    263.573    265.239    12.0154   3.965148    34.5320    1500.70    1500.63    1501.27  0.000e+00
    263.540    265.206    12.0152   3.965160    34.5323    1500.70    1500.63    1501.27  0.000e+00
