data/input/seabird/ITF17019.cnv
* Sea-Bird SBE 9 Data File:
* FileName = \\sol-nas\Data\Field Trips\6759\Data\LivewireCTD\ITF17019.hex
* Software Version Seasave V 7.23.2
* Temperature SN = 5165
* Conductivity SN = 4406
* Number of Bytes Per Scan = 44
* Number of Voltage Words = 5
* Number of Scans Averaged by the Deck Unit = 1
* NMEA Latitude = 09 48.94 S
* NMEA Longitude = 127 33.25 E
* NMEA UTC (Time) = Jul 19 2017  21:58:44
* NMEA baud rate = 4800
** Ship: Solander
** Station: DARBGF
** Operator: FM
# nquan = 9
# nvalues = 30958                                 
# units = specified
# name 0 = depSM: Depth [salt water, m]
# name 1 = prDM: Pressure, Digiquartz [db]
# name 2 = t090C: Temperature [ITS-90, deg C]
# name 3 = c0S/m: Conductivity [S/m]
# name 4 = sal00: Salinity, Practical [PSU]
# name 5 = svCM: Sound Velocity [Chen-Millero, m/s]
# name 6 = svDM: Sound Velocity [Delgrosso, m/s]
# name 7 = svWM: Sound Velocity [Wilson, m/s]
# name 8 = flag:  0.000e+00
# span 0 =     -0.166,    467.146                 
# span 1 =     -0.167,    470.332                 
# span 2 =     8.0254,    27.3907                 
# span 3 =   0.190896,   5.427311                 
# span 4 =     0.9389,    34.5721                 
# span 5 =    1489.75,    1540.16                 
# span 6 =    1489.59,    1540.01                 
# span 7 =    1490.13,    1540.42                 
# span 8 = 0.0000e+00, 0.0000e+00                 
# interval = seconds: 0.0416667
# start_time = Jul 19 2017 21:58:46 [System UTC, first data scan.]
# bad_flag = -9.990e-29
*END*
[from data line 19041]
    443.302    446.300     8.3677   3.633470    34.5537    1490.65    1490.50    1491.04  0.000e+00
    443.256    446.253     8.3686   3.633579    34.5541    1490.65    1490.50    1491.05  0.000e+00
    443.103    446.100     8.3697   3.633658    34.5539    1490.65    1490.51    1491.05  0.000e+00
    443.057    446.054     8.3704   3.633676    34.5535    1490.65    1490.51    1491.05  0.000e+00
    443.057    446.054     8.3705   3.633822    34.5549    1490.66    1490.51    1491.05  0.000e+00
    442.958    445.954     8.3723   3.634132    34.5564    1490.66    1490.52    1491.06  0.000e+00
    442.912    445.907     8.3740   3.634241    34.5559    1490.67    1490.52    1491.06  0.000e+00
    442.760    445.754     8.3752   3.634180    34.5542    1490.67    1490.52    1491.06  0.000e+00
    442.813    445.807     8.3749   3.634107    34.5537    1490.67    1490.52    1491.06  0.000e+00
    442.760    445.754     8.3745   3.634071    34.5537    1490.66    1490.52    1491.06  0.000e+00
    442.713    445.707     8.3745   3.634138    34.5544    1490.66    1490.52    1491.06  0.000e+00
    442.568    445.560     8.3757   3.634204    34.5541    1490.67    1490.52    1491.06  0.000e+00
    442.614    445.607     8.3767   3.634368    34.5548    1490.67    1490.53    1491.07  0.000e+00
    442.515    445.507     8.3784   3.634508    34.5546    1490.68    1490.53    1491.07  0.000e+00
    442.416    445.407     8.3794   3.634520    34.5538    1490.68    1490.53    1491.07  0.000e+00
    442.416    445.407     8.3799   3.634605    34.5543    1490.68    1490.53    1491.07  0.000e+00
    442.323    445.314     8.3810   3.634763    34.5549    1490.68    1490.54    1491.08  0.000e+00
    442.323    445.314     8.3828   3.634896    34.5546    1490.69    1490.54    1491.08  0.000e+00
    442.270    445.261     8.3844   3.635072    34.5548    1490.70    1490.55    1491.09  0.000e+00
    442.171    445.161     8.3860   3.635193    34.5547    1490.70    1490.55    1491.09  0.000e+00
    442.171    445.161     8.3881   3.635454    34.5553    1490.71    1490.56    1491.10  0.000e+00
    442.079    445.067     8.3908   3.635679    34.5551    1490.72    1490.57    1491.11  0.000e+00
    442.026    445.014     8.3919   3.635685    34.5542    1490.72    1490.57    1491.11  0.000e+00
    441.980    444.967     8.3920   3.635636    34.5536    1490.72    1490.57    1491.11  0.000e+00
    441.927    444.914     8.3922   3.635630    34.5534    1490.72    1490.57    1491.11  0.000e+00
    441.880    444.868     8.3922   3.635703    34.5541    1490.72    1490.57    1491.11  0.000e+00
    441.828    444.814     8.3926   3.635728    34.5540    1490.72    1490.57    1491.11  0.000e+00
    441.781    444.768     8.3927   3.635655    34.5532    1490.72    1490.57    1491.11  0.000e+00
    441.735    444.721     8.3920   3.635557    34.5529    1490.71    1490.57    1491.11  0.000e+00
    441.735    444.721     8.3895   3.635315    34.5528    1490.70    1490.56    1491.10  0.000e+00
    441.636    444.621     8.3873   3.635248    34.5542    1490.69    1490.55    1491.09  0.000e+00
    441.583    444.568     8.3890   3.635539    34.5557    1490.70    1490.56    1491.10  0.000e+00
    441.590    444.574     8.3938   3.636189    34.5578    1490.72    1490.58    1491.12  0.000e+00
    441.537    444.521     8.4016   3.636772    34.5564    1490.75    1490.60    1491.15  0.000e+00
    441.484    444.468     8.4066   3.636984    34.5538    1490.76    1490.62    1491.16  0.000e+00
    441.391    444.374     8.4066   3.636941    34.5533    1490.76    1490.62    1491.16  0.000e+00
    441.391    444.374     8.4055   3.636796    34.5529    1490.76    1490.61    1491.15  0.000e+00
    441.338    444.321     8.4047   3.636771    34.5535    1490.75    1490.61    1491.15  0.000e+00
    441.292    444.275     8.4045   3.636790    34.5539    1490.75    1490.61    1491.15  0.000e+00
    441.193    444.175     8.4065   3.636954    34.5537    1490.76    1490.61    1491.15  0.000e+00
    441.193    444.175     8.4077   3.637057    34.5536    1490.76    1490.62    1491.16  0.000e+00
    441.147    444.128     8.4087   3.637287    34.5551    1490.77    1490.62    1491.16  0.000e+00
    441.147    444.128     8.4108   3.637342    34.5536    1490.77    1490.63    1491.17  0.000e+00
    441.047    444.028     8.4105   3.637281    34.5533    1490.77    1490.62    1491.17  0.000e+00
    441.047    444.028     8.4106   3.637336    34.5538    1490.77    1490.63    1491.17  0.000e+00
    440.995    443.975     8.4111   3.637324    34.5532    1490.77    1490.63    1491.17  0.000e+00
    440.948    443.928     8.4096   3.637130    34.5527    1490.76    1490.62    1491.16  0.000e+00
    440.895    443.875     8.4067   3.636905    34.5531    1490.75    1490.61    1491.15  0.000e+00
    440.849    443.828     8.4056   3.636941    34.5546    1490.75    1490.60    1491.15  0.000e+00
    440.849    443.828     8.4076   3.637154    34.5549    1490.76    1490.61    1491.16  0.000e+00
    440.750    443.728     8.4100   3.637348    34.5547    1490.77    1490.62    1491.16  0.000e+00
    440.750    443.728     8.4118   3.637439    34.5539    1490.77    1490.63    1491.17  0.000e+00
    440.704    443.682     8.4123   3.637530    34.5543    1490.77    1490.63    1491.17  0.000e+00
    440.651    443.628     8.4134   3.637591    34.5540    1490.78    1490.63    1491.17  0.000e+00
    440.651    443.628     8.4135   3.637682    34.5548    1490.78    1490.63    1491.17  0.000e+00
    440.605    443.582     8.4157   3.637949    34.5555    1490.79    1490.64    1491.18  0.000e+00
    440.558    443.535     8.4183   3.638046    34.5541    1490.79    1490.65    1491.19  0.000e+00
    440.505    443.482     8.4171   3.637888    34.5536    1490.79    1490.64    1491.18  0.000e+00
    440.459    443.435     8.4152   3.637694    34.5534    1490.78    1490.63    1491.18  0.000e+00
    440.459    443.435     8.4140   3.637554    34.5530    1490.77    1490.63    1491.17  0.000e+00
    440.360    443.335     8.4133   3.637579    34.5541    1490.77    1490.62    1491.17  0.000e+00
    440.360    443.335     8.4142   3.637803    34.5555    1490.78    1490.63    1491.17  0.000e+00
    440.360    443.335     8.4194   3.638277    34.5555    1490.80    1490.65    1491.19  0.000e+00
    440.307    443.282     8.4247   3.638708    34.5549    1490.81    1490.67    1491.21  0.000e+00
    440.214    443.189     8.4269   3.638793    34.5537    1490.82    1490.67    1491.22  0.000e+00
    440.214    443.189     8.4265   3.638702    34.5531    1490.82    1490.67    1491.21  0.000e+00
    440.162    443.135     8.4259   3.638623    34.5529    1490.81    1490.67    1491.21  0.000e+00
    440.115    443.089     8.4253   3.638611    34.5534    1490.81    1490.66    1491.21  0.000e+00
    440.115    443.089     8.4255   3.638702    34.5541    1490.81    1490.67    1491.21  0.000e+00
    440.115    443.089     8.4269   3.638920    34.5551    1490.82    1490.67    1491.22  0.000e+00
    439.963    442.935     8.4303   3.639206    34.5549    1490.83    1490.68    1491.23  0.000e+00
    440.016    442.989     8.4314   3.639303    34.5548    1490.83    1490.69    1491.23  0.000e+00
    439.917    442.889     8.4327   3.639388    34.5545    1490.84    1490.69    1491.23  0.000e+00
    439.917    442.889     8.4340   3.639376    34.5530    1490.84    1490.69    1491.24  0.000e+00
    439.871    442.842     8.4328   3.639157    34.5519    1490.83    1490.69    1491.23  0.000e+00
    439.772    442.742     8.4299   3.638847    34.5515    1490.82    1490.67    1491.22  0.000e+00
    439.818    442.789     8.4269   3.638647    34.5524    1490.81    1490.66    1491.21  0.000e+00
    439.772    442.742     8.4280   3.639011    34.5552    1490.82    1490.67    1491.21  0.000e+00
    439.672    442.642     8.4340   3.639607    34.5556    1490.84    1490.69    1491.24  0.000e+00
    439.672    442.642     8.4375   3.639813    34.5543    1490.85    1490.70    1491.25  0.000e+00
    439.672    442.642     8.4391   3.639977    34.5546    1490.86    1490.71    1491.25  0.000e+00
    439.620    442.589     8.4421   3.640238    34.5544    1490.87    1490.72    1491.26  0.000e+00
    439.573    442.542     8.4431   3.640232    34.5534    1490.87    1490.72    1491.27  0.000e+00
    439.481    442.449     8.4424   3.640189    34.5537    1490.86    1490.72    1491.26  0.000e+00
    439.527    442.496     8.4428   3.640256    34.5539    1490.87    1490.72    1491.27  0.000e+00
    439.428    442.396     8.4447   3.640426    34.5540    1490.87    1490.73    1491.27  0.000e+00
    439.428    442.396     8.4465   3.640639    34.5545    1490.88    1490.73    1491.28  0.000e+00
    439.375    442.342     8.4484   3.640888    34.5552    1490.89    1490.74    1491.29  0.000e+00
    439.329    442.296     8.4506   3.641094    34.5552    1490.89    1490.75    1491.29  0.000e+00
    439.282    442.249     8.4528   3.641264    34.5550    1490.90    1490.76    1491.30  0.000e+00
    439.230    442.196     8.4549   3.641398    34.5544    1490.91    1490.76    1491.31  0.000e+00
    439.230    442.196     8.4575   3.641598    34.5539    1490.92    1490.77    1491.32  0.000e+00
    439.183    442.149     8.4596   3.641750    34.5535    1490.92    1490.78    1491.32  0.000e+00
    439.084    442.049     8.4603   3.641860    34.5540    1490.93    1490.78    1491.32  0.000e+00
    439.084    442.049     8.4622   3.642030    34.5540    1490.93    1490.79    1491.33  0.000e+00
    439.031    441.996     8.4635   3.642121    34.5537    1490.94    1490.79    1491.34  0.000e+00
    438.985    441.949     8.4650   3.642212    34.5532    1490.94    1490.80    1491.34  0.000e+00
    438.939    441.903     8.4659   3.642285    34.5531    1490.94    1490.80    1491.34  0.000e+00
    438.939    441.903     8.4675   3.642491    34.5537    1490.95    1490.80    1491.35  0.000e+00
    438.839    441.803     8.4701   3.642649    34.5529    1490.96    1490.81    1491.36  0.000e+00
    438.839    441.803     8.4709   3.642686    34.5525    1490.96    1490.81    1491.36  0.000e+00
    438.787    441.749     8.4708   3.642710    34.5529    1490.96    1490.81    1491.36  0.000e+00
    438.740    441.703     8.4718   3.642813    34.5531    1490.96    1490.82    1491.36  0.000e+00
    438.595    441.556     8.4732   3.642965    34.5533    1490.96    1490.82    1491.36  0.000e+00
    438.740    441.703     8.4747   3.643153    34.5538    1490.97    1490.83    1491.37  0.000e+00
    438.641    441.603     8.4766   3.643245    34.5529    1490.98    1490.83    1491.38  0.000e+00
    438.595    441.556     8.4781   3.643354    34.5527    1490.98    1490.84    1491.38  0.000e+00
    438.496    441.456     8.4787   3.643463    34.5532    1490.98    1490.84    1491.38  0.000e+00
    438.496    441.456     8.4799   3.643609    34.5537    1490.99    1490.84    1491.39  0.000e+00
    438.397    441.356     8.4810   3.643694    34.5535    1490.99    1490.85    1491.39  0.000e+00
    438.350    441.310     8.4812   3.643645    34.5529    1490.99    1490.85    1491.39  0.000e+00
    438.350    441.310     8.4810   3.643688    34.5535    1490.99    1490.85    1491.39  0.000e+00
    438.251    441.210     8.4825   3.643834    34.5536    1490.99    1490.85    1491.39  0.000e+00
    438.251    441.210     8.4845   3.644040    34.5539    1491.00    1490.86    1491.40  0.000e+00
    438.053    441.010     8.4865   3.644314    34.5548    1491.01    1490.86    1491.41  0.000e+00
    438.251    441.210     8.4893   3.644460    34.5536    1491.02    1490.87    1491.42  0.000e+00
    438.053    441.010     8.4901   3.644435    34.5526    1491.02    1490.87    1491.42  0.000e+00
    438.053    441.010     8.4902   3.644393    34.5520    1491.02    1490.87    1491.42  0.000e+00
    438.007    440.963     8.4907   3.644532    34.5531    1491.02    1490.88    1491.42  0.000e+00
    437.907    440.863     8.4924   3.644745    34.5537    1491.03    1490.88    1491.43  0.000e+00
    437.861    440.817     8.4945   3.644854    34.5529    1491.03    1490.89    1491.43  0.000e+00
    437.808    440.763     8.4951   3.644891    34.5526    1491.03    1490.89    1491.43  0.000e+00
    437.755    440.710     8.4958   3.644933    34.5525    1491.03    1490.89    1491.43  0.000e+00
    437.755    440.710     8.4956   3.644891    34.5522    1491.03    1490.89    1491.43  0.000e+00
    437.610    440.564     8.4956   3.644891    34.5522    1491.03    1490.89    1491.43  0.000e+00
    437.663    440.617     8.4959   3.644945    34.5526    1491.03    1490.89    1491.43  0.000e+00
    437.517    440.470     8.4971   3.645085    34.5529    1491.04    1490.89    1491.44  0.000e+00
    437.465    440.417     8.4981   3.645146    34.5526    1491.04    1490.89    1491.44  0.000e+00
    437.418    440.370     8.4985   3.645176    34.5525    1491.04    1490.89    1491.44  0.000e+00
    437.365    440.317     8.4992   3.645237    34.5526    1491.04    1490.90    1491.44  0.000e+00
    437.319    440.270     8.4997   3.645255    34.5523    1491.04    1490.90    1491.44  0.000e+00
    437.220    440.171     8.5000   3.645304    34.5525    1491.04    1490.90    1491.44  0.000e+00
    437.266    440.217     8.5003   3.645340    34.5526    1491.04    1490.90    1491.44  0.000e+00
    437.127    440.077     8.5005   3.645395    34.5531    1491.04    1490.90    1491.44  0.000e+00
    437.074    440.024     8.5013   3.645462    34.5530    1491.04    1490.90    1491.45  0.000e+00
    437.022    439.971     8.5019   3.645425    34.5520    1491.04    1490.90    1491.45  0.000e+00
    437.022    439.971     8.5018   3.645462    34.5525    1491.04    1490.90    1491.45  0.000e+00
    436.876    439.824     8.5019   3.645498    34.5528    1491.04    1490.90    1491.44  0.000e+00
    436.876    439.824     8.5024   3.645565    34.5531    1491.04    1490.90    1491.45  0.000e+00
    436.777    439.724     8.5032   3.645626    34.5530    1491.05    1490.90    1491.45  0.000e+00
    436.731    439.678     8.5036   3.645589    34.5523    1491.05    1490.90    1491.45  0.000e+00
    436.632    439.578     8.5036   3.645595    34.5524    1491.04    1490.90    1491.45  0.000e+00
    436.632    439.578     8.5034   3.645583    34.5524    1491.04    1490.90    1491.44  0.000e+00
    436.579    439.524     8.5029   3.645553    34.5526    1491.04    1490.90    1491.44  0.000e+00
    436.433    439.378     8.5036   3.645613    34.5527    1491.04    1490.90    1491.44  0.000e+00
    436.387    439.331     8.5042   3.645686    34.5528    1491.04    1490.90    1491.44  0.000e+00
    436.334    439.278     8.5047   3.645680    34.5523    1491.04    1490.90    1491.44  0.000e+00
    436.341    439.284     8.5049   3.645692    34.5523    1491.04    1490.90    1491.45  0.000e+00
    436.235    439.178     8.5052   3.645723    34.5523    1491.04    1490.90    1491.45  0.000e+00
    436.189    439.131     8.5055   3.645735    34.5522    1491.04    1490.90    1491.45  0.000e+00
    436.142    439.085     8.5055   3.645711    34.5519    1491.04    1490.90    1491.44  0.000e+00
    435.990    438.931     8.5055   3.645723    34.5521    1491.04    1490.90    1491.44  0.000e+00
    435.990    438.931     8.5053   3.645735    34.5524    1491.04    1490.90    1491.44  0.000e+00
    435.944    438.885     8.5047   3.645686    34.5526    1491.04    1490.89    1491.44  0.000e+00
    435.799    438.738     8.5047   3.645692    34.5527    1491.03    1490.89    1491.44  0.000e+00
    435.752    438.692     8.5052   3.645795    34.5533    1491.04    1490.89    1491.44  0.000e+00
    435.746    438.685     8.5055   3.645832    34.5534    1491.04    1490.89    1491.44  0.000e+00
    435.600    438.538     8.5060   3.645808    34.5527    1491.04    1490.89    1491.44  0.000e+00
    435.554    438.492     8.5063   3.645874    34.5532    1491.04    1490.89    1491.44  0.000e+00
