data/input/seabird/SBE19Plus_CTP_2013_066_200153.cnv
* Sea-Bird SBE19Plus Data File:
* FileName = C:\Velocity_Write\CATFILES\\2013_066_200153.HEX
* Software Version 12.9(r4042)
* Temperature SN = 4677
* Conductivity SN = 4677
* System UpLoad Time = Mar 07 2013 15:09:24
* DS
* SeacatPlus V 1.6b  SERIAL NO. 4677    07 Mar 2013  20:08:58
# nquan = 4
# nvalues = 1309                                  
# units = specified
# name 0 = prdM: Pressure, Strain Gauge [db]
# name 1 = c0S/m: Conductivity [S/m]
# name 2 = tv290C: Temperature [ITS-90, deg C]
# name 3 = flag:  0.000e+00
# span 0 =     -0.011,      3.831                 
# span 1 =   0.014787,   1.270733                 
# span 2 =     4.8789,     9.6057                 
# span 3 = 0.0000e+00, 0.0000e+00                 
# interval = seconds: 0.25
# start_time = Mar 07 2013 15:09:24 [System UpLoad Time]
# bad_flag = -9.990e-29
*END*
      0.029   0.025316     9.3652  0.000e+00
      0.029   0.025906     9.3640  0.000e+00
      0.029   0.026300     9.3642  0.000e+00
      0.009   0.015426     8.1753  0.000e+00
      0.010   0.015317     8.1990  0.000e+00
      0.012   0.015275     8.2336  0.000e+00
      0.011   0.015254     8.2604  0.000e+00
      0.011   0.015251     8.2767  0.000e+00
      0.013   0.015224     8.2870  0.000e+00
      0.011   0.015191     8.2937  0.000e+00
      0.010   0.015139     8.3037  0.000e+00
      0.012   0.015148     8.3135  0.000e+00
      0.012   0.015148     8.3208  0.000e+00
      0.011   0.015151     8.3215  0.000e+00
      0.013   0.015158     8.3213  0.000e+00
      0.013   0.015124     8.3187  0.000e+00
      0.010   0.015124     8.3187  0.000e+00
      0.012   0.015091     8.3189  0.000e+00
      0.010   0.015115     8.3221  0.000e+00
      0.012   0.015139     8.3177  0.000e+00
      0.011   0.015124     8.3056  0.000e+00
      0.011   0.015133     8.3013  0.000e+00
      0.010   0.015139     8.2981  0.000e+00
      0.012   0.015158     8.2947  0.000e+00
      0.012   0.015176     8.2917  0.000e+00
      0.011   0.015167     8.2883  0.000e+00
      0.012   0.015103     8.2857  0.000e+00
      0.010   0.015073     8.2884  0.000e+00
      0.011   0.015007     8.2921  0.000e+00
      0.013   0.015022     8.3011  0.000e+00
      0.012   0.014998     8.3058  0.000e+00
      0.008   0.014956     8.3067  0.000e+00
      0.003   0.014820     8.3062  0.000e+00
     -0.005   0.014787     8.3036  0.000e+00
     -0.006   0.014947     8.3022  0.000e+00
     -0.004   0.015468     8.3015  0.000e+00
     -0.004   0.016031     8.3003  0.000e+00
     -0.005   0.016561     8.2982  0.000e+00
     -0.006   0.017034     8.2957  0.000e+00
     -0.005   0.017423     8.2930  0.000e+00
     -0.004   0.018044     8.2821  0.000e+00
     -0.002   0.018753     8.2781  0.000e+00
     -0.004   0.019066     8.2940  0.000e+00
     -0.004   0.019244     8.3050  0.000e+00
     -0.005   0.019464     8.2972  0.000e+00
     -0.005   0.019667     8.2775  0.000e+00
     -0.006   0.019860     8.2490  0.000e+00
     -0.011   0.020367     8.2235  0.000e+00
     -0.011   0.021146     8.2091  0.000e+00
     -0.011   0.022172     8.1956  0.000e+00
     -0.002   0.022308     8.1671  0.000e+00
      0.000   0.022112     8.1323  0.000e+00
     -0.004   0.022299     8.1013  0.000e+00
     -0.011   0.022997     8.0658  0.000e+00
     -0.006   0.023575     8.0364  0.000e+00
     -0.005   0.023880     8.0184  0.000e+00
     -0.006   0.024194     8.0064  0.000e+00
     -0.007   0.024442     8.0026  0.000e+00
     -0.006   0.024500     8.0019  0.000e+00
     -0.003   0.024391     8.0044  0.000e+00
     -0.003   0.024152     8.0077  0.000e+00
     -0.010   0.024007     8.0073  0.000e+00
     -0.001   0.023838     8.0078  0.000e+00
     -0.001   0.023599     8.0033  0.000e+00
      0.138   0.924084     7.9741  0.000e+00
      0.458   1.241281     7.3495  0.000e+00
      0.601   1.247091     6.5090  0.000e+00
      0.626   1.248561     6.0680  0.000e+00
      0.579   1.248610     5.8417  0.000e+00
      0.440   1.218577     5.7057  0.000e+00
      0.295   1.206265     5.6418  0.000e+00
      0.221   1.028905     5.5943  0.000e+00
      0.207   1.025021     5.5677  0.000e+00
      0.236   0.824315     5.5624  0.000e+00
      0.326   1.240463     5.5577  0.000e+00
      0.436   1.243771     5.5339  0.000e+00
      0.491   1.250505     5.5102  0.000e+00
      0.487   1.254923     5.5076  0.000e+00
      0.492   1.244725     5.5421  0.000e+00
      0.546   1.251359     5.5933  0.000e+00
      0.579   1.255335     5.5818  0.000e+00
      0.584   1.258560     5.5668  0.000e+00
      0.585   1.259762     5.5867  0.000e+00
      0.585   1.260395     5.6228  0.000e+00
      0.584   1.259863     5.6608  0.000e+00
      0.584   1.258560     5.6782  0.000e+00
      0.589   1.257890     5.6981  0.000e+00
      0.590   1.258901     5.7119  0.000e+00
      0.587   1.258112     5.6967  0.000e+00
      0.586   1.256123     5.6494  0.000e+00
      0.586   1.254236     5.6026  0.000e+00
      0.590   1.253089     5.5680  0.000e+00
      0.585   1.252780     5.5434  0.000e+00
      0.586   1.252833     5.5276  0.000e+00
      0.586   1.251872     5.5150  0.000e+00
      0.590   1.250505     5.5011  0.000e+00
      0.593   1.251532     5.4891  0.000e+00
      0.592   1.252249     5.4863  0.000e+00
      0.589   1.252612     5.4891  0.000e+00
      0.592   1.250744     5.4875  0.000e+00
      0.594   1.250660     5.4811  0.000e+00
      0.594   1.251293     5.4782  0.000e+00
      0.594   1.251842     5.4786  0.000e+00
      0.595   1.251735     5.4782  0.000e+00
      0.595   1.251992     5.4757  0.000e+00
      0.592   1.252200     5.4755  0.000e+00
      0.591   1.251634     5.4759  0.000e+00
      0.590   1.250558     5.4733  0.000e+00
      0.590   1.250505     5.4690  0.000e+00
      0.590   1.251001     5.4673  0.000e+00
      0.590   1.251395     5.4684  0.000e+00
      0.589   1.251089     5.4687  0.000e+00
      0.590   1.251001     5.4673  0.000e+00
      0.589   1.251346     5.4664  0.000e+00
      0.589   1.251890     5.4695  0.000e+00
      0.590   1.251359     5.4722  0.000e+00
      0.587   1.250403     5.4712  0.000e+00
      0.587   1.250421     5.4701  0.000e+00
      0.589   1.250625     5.4710  0.000e+00
      0.587   1.251240     5.4717  0.000e+00
      0.587   1.253108     5.4746  0.000e+00
      0.589   1.253174     5.4826  0.000e+00
      0.589   1.252749     5.4926  0.000e+00
      0.586   1.253276     5.4960  0.000e+00
      0.587   1.253258     5.4981  0.000e+00
      0.591   1.252798     5.4999  0.000e+00
      0.590   1.252027     5.4961  0.000e+00
      0.589   1.253138     5.4917  0.000e+00
      0.587   1.253479     5.4943  0.000e+00
      0.587   1.252988     5.5018  0.000e+00
      0.589   1.253276     5.5044  0.000e+00
      0.587   1.253382     5.5031  0.000e+00
      0.589   1.253448     5.5013  0.000e+00
      0.591   1.254338     5.4986  0.000e+00
      0.590   1.253687     5.4993  0.000e+00
      0.589   1.253825     5.5004  0.000e+00
      0.587   1.256225     5.4992  0.000e+00
      0.589   1.258472     5.5045  0.000e+00
      0.590   1.258698     5.5137  0.000e+00
      0.586   1.257820     5.5182  0.000e+00
      0.589   1.259726     5.5185  0.000e+00
      0.589   1.260675     5.5215  0.000e+00
      0.589   1.260795     5.5267  0.000e+00
      0.587   1.260245     5.5324  0.000e+00
      0.587   1.261567     5.5373  0.000e+00
      0.592   1.262427     5.5428  0.000e+00
      0.592   1.262968     5.5488  0.000e+00
      0.593   1.262258     5.5544  0.000e+00
      0.593   1.263412     5.5592  0.000e+00
      0.592   1.264308     5.5635  0.000e+00
      0.592   1.263807     5.5636  0.000e+00
      0.591   1.262134     5.5628  0.000e+00
      0.590   1.263412     5.5584  0.000e+00
      0.589   1.264619     5.5568  0.000e+00
      0.592   1.263514     5.5591  0.000e+00
      0.591   1.263430     5.5596  0.000e+00
      0.593   1.265289     5.5595  0.000e+00
      0.591   1.265893     5.5645  0.000e+00
      0.591   1.265738     5.5690  0.000e+00
      0.591   1.265875     5.5738  0.000e+00
      0.591   1.265826     5.5808  0.000e+00
      0.590   1.265857     5.5887  0.000e+00
      0.591   1.266137     5.5970  0.000e+00
      0.591   1.266359     5.6057  0.000e+00
      0.589   1.266155     5.6143  0.000e+00
      0.589   1.266221     5.6218  0.000e+00
      0.590   1.267052     5.6282  0.000e+00
      0.594   1.267949     5.6352  0.000e+00
      0.592   1.268175     5.6418  0.000e+00
      0.591   1.267464     5.6443  0.000e+00
      0.591   1.267100     5.6453  0.000e+00
      0.590   1.268486     5.6464  0.000e+00
      0.589   1.268313     5.6467  0.000e+00
      0.587   1.266932     5.6439  0.000e+00
      0.586   1.266980     5.6414  0.000e+00
      0.590   1.267984     5.6423  0.000e+00
      0.589   1.268348     5.6454  0.000e+00
      0.590   1.268535     5.6500  0.000e+00
      0.587   1.268917     5.6564  0.000e+00
      0.587   1.269281     5.6637  0.000e+00
      0.589   1.268832     5.6708  0.000e+00
      0.590   1.267895     5.6768  0.000e+00
      0.589   1.268690     5.6802  0.000e+00
      0.587   1.269645     5.6840  0.000e+00
      0.587   1.269228     5.6877  0.000e+00
      0.589   1.268375     5.6907  0.000e+00
      0.585   1.269245     5.6926  0.000e+00
      0.587   1.269921     5.6952  0.000e+00
      0.589   1.269503     5.6972  0.000e+00
      0.589   1.268348     5.6999  0.000e+00
      0.592   1.268313     5.7020  0.000e+00
      0.592   1.269956     5.7034  0.000e+00
      0.591   1.270370     5.7063  0.000e+00
      0.589   1.269503     5.7057  0.000e+00
      0.589   1.267637     5.7126  0.000e+00
      0.589   1.267291     5.7270  0.000e+00
      0.590   1.268552     5.7432  0.000e+00
      0.591   1.269192     5.7740  0.000e+00
      0.591   1.269245     5.8014  0.000e+00
      0.590   1.269574     5.8132  0.000e+00
      0.591   1.269729     5.8201  0.000e+00
      0.592   1.269938     5.8257  0.000e+00
      0.593   1.269800     5.8303  0.000e+00
      0.590   1.269280     5.8323  0.000e+00
      0.591   1.269245     5.8313  0.000e+00
      0.590   1.269800     5.8296  0.000e+00
      0.590   1.269867     5.8315  0.000e+00
      0.590   1.269885     5.8345  0.000e+00
      0.591   1.270093     5.8377  0.000e+00
      0.592   1.269938     5.8409  0.000e+00
      0.591   1.269920     5.8437  0.000e+00
      0.593   1.270351     5.8458  0.000e+00
      0.590   1.270733     5.8484  0.000e+00
      0.593   1.270524     5.8514  0.000e+00
      0.591   1.269316     5.8534  0.000e+00
      0.592   1.269316     5.8515  0.000e+00
      0.593   1.270542     5.8490  0.000e+00
      0.590   1.270284     5.8492  0.000e+00
      0.591   1.269471     5.8473  0.000e+00
      0.590   1.269520     5.8442  0.000e+00
      0.590   1.269987     5.8438  0.000e+00
      0.590   1.269591     5.8458  0.000e+00
      0.591   1.268898     5.8476  0.000e+00
      0.590   1.269298     5.8471  0.000e+00
      0.593   1.270178     5.8476  0.000e+00
      0.592   1.260794     5.8495  0.000e+00
      0.593   1.241579     5.8001  0.000e+00
      0.593   1.239438     5.6645  0.000e+00
      0.592   1.239099     5.5508  0.000e+00
      0.589   1.239002     5.4767  0.000e+00
      0.590   1.238896     5.4344  0.000e+00
      0.586   1.238795     5.4110  0.000e+00
      0.587   1.238932     5.3985  0.000e+00
      0.584   1.238813     5.3940  0.000e+00
      0.587   1.238627     5.3907  0.000e+00
      0.590   1.238574     5.3874  0.000e+00
      0.591   1.238641     5.3854  0.000e+00
      0.591   1.238543     5.3846  0.000e+00
      0.591   1.238574     5.3838  0.000e+00
      0.589   1.238694     5.3826  0.000e+00
      0.589   1.238729     5.3829  0.000e+00
      0.590   1.238729     5.3845  0.000e+00
      0.589   1.238676     5.3862  0.000e+00
      0.586   1.238729     5.3864  0.000e+00
      0.589   1.238627     5.3863  0.000e+00
      0.588   1.238491     5.3853  0.000e+00
      0.588   1.238455     5.3843  0.000e+00
      0.588   1.238305     5.3832  0.000e+00
      0.586   1.238318     5.3801  0.000e+00
      0.590   1.238318     5.3781  0.000e+00
      0.589   1.238305     5.3774  0.000e+00
      0.590   1.238305     5.3768  0.000e+00
      0.588   1.238270     5.3767  0.000e+00
      0.589   1.238235     5.3767  0.000e+00
      0.591   1.238288     5.3765  0.000e+00
      0.589   1.238252     5.3762  0.000e+00
      0.590   1.238217     5.3750  0.000e+00
      0.590   1.238305     5.3729  0.000e+00
      0.590   1.238336     5.3741  0.000e+00
      0.586   1.238407     5.3755  0.000e+00
      0.586   1.238305     5.3769  0.000e+00
      0.586   1.238217     5.3774  0.000e+00
      0.591   1.238089     5.3753  0.000e+00
      0.591   1.238032     5.3725  0.000e+00
      0.590   1.238067     5.3708  0.000e+00
      0.590   1.237983     5.3701  0.000e+00
      0.590   1.237895     5.3689  0.000e+00
      0.592   1.237762     5.3677  0.000e+00
      0.592   1.237913     5.3663  0.000e+00
      0.590   1.237996     5.3662  0.000e+00
      0.591   1.237943     5.3675  0.000e+00
      0.588   1.237965     5.3679  0.000e+00
      0.592   1.237983     5.3682  0.000e+00
      0.589   1.237913     5.3691  0.000e+00
      0.586   1.237948     5.3700  0.000e+00
      0.585   1.237864     5.3698  0.000e+00
      0.589   1.238067     5.3686  0.000e+00
      0.592   1.238204     5.3698  0.000e+00
      0.594   1.237996     5.3715  0.000e+00
      0.594   1.237882     5.3708  0.000e+00
      0.592   1.238014     5.3687  0.000e+00
      0.592   1.237983     5.3678  0.000e+00
      0.590   1.237996     5.3676  0.000e+00
      0.591   1.237996     5.3676  0.000e+00
      0.587   1.237983     5.3676  0.000e+00
      0.590   1.237882     5.3676  0.000e+00
      0.590   1.237926     5.3669  0.000e+00
      0.595   1.237895     5.3664  0.000e+00
      0.595   1.237864     5.3659  0.000e+00
      0.594   1.237864     5.3649  0.000e+00
      0.596   1.237948     5.3641  0.000e+00
      0.595   1.237996     5.3645  0.000e+00
      0.592   1.238085     5.3660  0.000e+00
      0.591   1.238032     5.3679  0.000e+00
      0.592   1.237996     5.3688  0.000e+00
      0.591   1.238204     5.3692  0.000e+00
      0.592   1.238318     5.3719  0.000e+00
      0.594   1.238049     5.3739  0.000e+00
      0.594   1.237965     5.3720  0.000e+00
      0.593   1.237948     5.3695  0.000e+00
      0.593   1.237965     5.3682  0.000e+00
      0.591   1.237895     5.3673  0.000e+00
      0.591   1.237979     5.3666  0.000e+00
      0.592   1.237965     5.3668  0.000e+00
      0.592   1.237913     5.3672  0.000e+00
      0.591   1.237930     5.3669  0.000e+00
      0.591   1.237930     5.3665  0.000e+00
      0.593   1.237996     5.3664  0.000e+00
      0.592   1.238014     5.3669  0.000e+00
      0.590   1.238133     5.3673  0.000e+00
      0.590   1.238217     5.3688  0.000e+00
      0.589   1.238354     5.3713  0.000e+00
      0.591   1.238557     5.3746  0.000e+00
      0.592   1.238694     5.3790  0.000e+00
      0.595   1.238424     5.3825  0.000e+00
      0.592   1.238473     5.3823  0.000e+00
      0.592   1.238574     5.3825  0.000e+00
      0.592   1.238424     5.3831  0.000e+00
      0.591   1.238235     5.3820  0.000e+00
      0.591   1.238305     5.3791  0.000e+00
      0.590   1.238336     5.3781  0.000e+00
      0.589   1.238217     5.3775  0.000e+00
      0.590   1.238305     5.3760  0.000e+00
      0.591   1.238336     5.3758  0.000e+00
      0.592   1.238354     5.3763  0.000e+00
      0.593   1.238336     5.3772  0.000e+00
      0.591   1.238235     5.3772  0.000e+00
      0.593   1.238288     5.3762  0.000e+00
      0.591   1.238389     5.3759  0.000e+00
      0.592   1.238354     5.3766  0.000e+00
      0.591   1.238336     5.3768  0.000e+00
      0.589   1.238407     5.3768  0.000e+00
      0.590   1.238389     5.3773  0.000e+00
      0.591   1.238318     5.3777  0.000e+00
      0.591   1.238371     5.3772  0.000e+00
      0.590   1.238416     5.3771  0.000e+00
      0.588   1.238354     5.3774  0.000e+00
      0.592   1.238252     5.3771  0.000e+00
      0.595   1.238371     5.3763  0.000e+00
      0.593   1.238473     5.3772  0.000e+00
      0.591   1.238526     5.3788  0.000e+00
      0.590   1.238389     5.3802  0.000e+00
      0.593   1.238424     5.3798  0.000e+00
      0.592   1.238305     5.3793  0.000e+00
      0.590   1.238424     5.3795  0.000e+00
      0.593   1.238389     5.3805  0.000e+00
      0.596   1.238217     5.3795  0.000e+00
      0.597   1.238115     5.3777  0.000e+00
      0.594   1.238270     5.3759  0.000e+00
      0.594   1.238168     5.3750  0.000e+00
      0.594   1.238168     5.3739  0.000e+00
      0.593   1.238071     5.3729  0.000e+00
      0.592   1.238204     5.3711  0.000e+00
      0.591   1.238270     5.3709  0.000e+00
      0.590   1.238217     5.3719  0.000e+00
