data/input/seabird/SBE19Plus_CTP_2013_066_200153.cnv
* Sea-Bird SBE19Plus Data File:
* FileName = C:\Velocity_Write\CATFILES\\2013_066_200153.HEX
* Software Version 12.9(r4042)
* Temperature SN = 4677
* Conductivity SN = 4677
* System UpLoad Time = Mar 07 2013 15:09:24
* DS
* SeacatPlus V 1.6b  SERIAL NO. 4677    07 Mar 2013  20:08:58
# nquan = 4
# nvalues = 1309                                  
# units = specified
# name 0 = prdM: Pressure, Strain Gauge [db]
# name 1 = c0S/m: Conductivity [S/m]
# name 2 = tv290C: Temperature [ITS-90, deg C]
# name 3 = flag:  0.000e+00
# span 0 =     -0.011,      3.831                 
# span 1 =   0.014787,   1.270733                 
# span 2 =     4.8789,     9.6057                 
# span 3 = 0.0000e+00, 0.0000e+00                 
# interval = seconds: 0.25
# start_time = Mar 07 2013 15:09:24 [System UpLoad Time]
# bad_flag = -9.990e-29
*END*
[from data line 356]
      0.596   1.238235     5.3729  0.000e+00
      0.593   1.238270     5.3735  0.000e+00
      0.594   1.238151     5.3732  0.000e+00
      0.593   1.238217     5.3727  0.000e+00
      0.590   1.238199     5.3724  0.000e+00
      0.591   1.238235     5.3719  0.000e+00
      0.592   1.238288     5.3727  0.000e+00
      0.591   1.238252     5.3736  0.000e+00
      0.591   1.238305     5.3735  0.000e+00
      0.593   1.238491     5.3745  0.000e+00
      0.591   1.238526     5.3767  0.000e+00
      0.594   1.238354     5.3782  0.000e+00
      0.593   1.238433     5.3780  0.000e+00
      0.591   1.238473     5.3784  0.000e+00
      0.592   1.238491     5.3787  0.000e+00
      0.594   1.238424     5.3787  0.000e+00
      0.593   1.238407     5.3779  0.000e+00
      0.592   1.238424     5.3771  0.000e+00
      0.591   1.238455     5.3773  0.000e+00
      0.592   1.238407     5.3778  0.000e+00
      0.591   1.238380     5.3778  0.000e+00
      0.590   1.238305     5.3773  0.000e+00
      0.592   1.238288     5.3767  0.000e+00
      0.589   1.238204     5.3743  0.000e+00
      0.591   1.238270     5.3720  0.000e+00
      0.592   1.238235     5.3715  0.000e+00
      0.593   1.238270     5.3708  0.000e+00
      0.594   1.238305     5.3713  0.000e+00
      0.595   1.238270     5.3729  0.000e+00
      0.594   1.238252     5.3728  0.000e+00
      0.597   1.238270     5.3723  0.000e+00
      0.595   1.238270     5.3724  0.000e+00
      0.594   1.238217     5.3725  0.000e+00
      0.597   1.238204     5.3717  0.000e+00
      0.595   1.238186     5.3710  0.000e+00
      0.593   1.238270     5.3707  0.000e+00
      0.593   1.238270     5.3714  0.000e+00
      0.592   1.238235     5.3715  0.000e+00
      0.592   1.238336     5.3712  0.000e+00
      0.591   1.238336     5.3725  0.000e+00
      0.593   1.238371     5.3736  0.000e+00
      0.591   1.238371     5.3745  0.000e+00
      0.592   1.238186     5.3747  0.000e+00
      0.597   1.238204     5.3737  0.000e+00
      0.597   1.238318     5.3729  0.000e+00
      0.598   1.238199     5.3732  0.000e+00
      0.597   1.238067     5.3720  0.000e+00
      0.598   1.238151     5.3703  0.000e+00
      0.594   1.238252     5.3699  0.000e+00
      0.592   1.238151     5.3706  0.000e+00
      0.590   1.238133     5.3708  0.000e+00
      0.592   1.238305     5.3707  0.000e+00
      0.593   1.238288     5.3715  0.000e+00
      0.598   1.238363     5.3722  0.000e+00
      0.598   1.238288     5.3740  0.000e+00
      0.599   1.238318     5.3751  0.000e+00
      0.596   1.238473     5.3756  0.000e+00
      0.595   1.238438     5.3770  0.000e+00
      0.596   1.238235     5.3778  0.000e+00
      0.597   1.238371     5.3779  0.000e+00
      0.597   1.238407     5.3778  0.000e+00
      0.593   1.238416     5.3776  0.000e+00
      0.595   1.238270     5.3774  0.000e+00
      0.595   1.238288     5.3764  0.000e+00
      0.597   1.238270     5.3761  0.000e+00
      0.598   1.238235     5.3758  0.000e+00
      0.597   1.238217     5.3754  0.000e+00
      0.596   1.238217     5.3747  0.000e+00
      0.600   1.238168     5.3746  0.000e+00
      0.599   1.238327     5.3746  0.000e+00
      0.598   1.238270     5.3746  0.000e+00
      0.597   1.238204     5.3737  0.000e+00
      0.597   1.238288     5.3730  0.000e+00
      0.595   1.238407     5.3733  0.000e+00
      0.596   1.238336     5.3744  0.000e+00
      0.595   1.238438     5.3754  0.000e+00
      0.597   1.238438     5.3762  0.000e+00
      0.598   1.238398     5.3777  0.000e+00
      0.599   1.238455     5.3783  0.000e+00
      0.599   1.238455     5.3793  0.000e+00
      0.598   1.238252     5.3786  0.000e+00
      0.599   1.238270     5.3765  0.000e+00
      0.598   1.238371     5.3756  0.000e+00
      0.597   1.238270     5.3751  0.000e+00
      0.593   1.238204     5.3746  0.000e+00
      0.596   1.238168     5.3735  0.000e+00
      0.598   1.238199     5.3728  0.000e+00
      0.598   1.238235     5.3724  0.000e+00
      0.598   1.238270     5.3720  0.000e+00
      0.600   1.238235     5.3723  0.000e+00
      0.603   1.238235     5.3722  0.000e+00
      0.600   1.238204     5.3725  0.000e+00
      0.599   1.238168     5.3721  0.000e+00
      0.599   1.238186     5.3714  0.000e+00
      0.600   1.238182     5.3712  0.000e+00
      0.603   1.238186     5.3707  0.000e+00
      0.601   1.238151     5.3708  0.000e+00
      0.600   1.238186     5.3710  0.000e+00
      0.600   1.238217     5.3714  0.000e+00
      0.602   1.238270     5.3720  0.000e+00
      0.603   1.238288     5.3729  0.000e+00
      0.602   1.238186     5.3731  0.000e+00
      0.603   1.238305     5.3723  0.000e+00
      0.604   1.238318     5.3745  0.000e+00
      0.603   1.238217     5.3756  0.000e+00
      0.602   1.238235     5.3749  0.000e+00
      0.603   1.238270     5.3748  0.000e+00
      0.601   1.238305     5.3741  0.000e+00
      0.601   1.238305     5.3741  0.000e+00
      0.598   1.238270     5.3738  0.000e+00
      0.599   1.238288     5.3733  0.000e+00
      0.602   1.238270     5.3721  0.000e+00
      0.602   1.238288     5.3712  0.000e+00
      0.604   1.238186     5.3717  0.000e+00
      0.604   1.238217     5.3711  0.000e+00
      0.604   1.238204     5.3701  0.000e+00
      0.604   1.238204     5.3698  0.000e+00
      0.603   1.238133     5.3697  0.000e+00
      0.601   1.238054     5.3689  0.000e+00
      0.598   1.238186     5.3673  0.000e+00
      0.597   1.237996     5.3677  0.000e+00
      0.599   1.237930     5.3675  0.000e+00
      0.603   1.238014     5.3664  0.000e+00
      0.603   1.237882     5.3661  0.000e+00
      0.603   1.237763     5.3650  0.000e+00
      0.606   1.237829     5.3630  0.000e+00
      0.606   1.237780     5.3619  0.000e+00
      0.605   1.237793     5.3612  0.000e+00
      0.605   1.237829     5.3615  0.000e+00
      0.600   1.237864     5.3612  0.000e+00
      0.604   1.237727     5.3602  0.000e+00
      0.604   1.237727     5.3591  0.000e+00
      0.604   1.237780     5.3582  0.000e+00
      0.604   1.237829     5.3583  0.000e+00
      0.605   1.237851     5.3592  0.000e+00
      0.605   1.237811     5.3600  0.000e+00
      0.604   1.237811     5.3607  0.000e+00
      0.608   1.237829     5.3610  0.000e+00
      0.606   1.237780     5.3610  0.000e+00
      0.605   1.237780     5.3608  0.000e+00
      0.607   1.237727     5.3605  0.000e+00
      0.604   1.237780     5.3598  0.000e+00
      0.605   1.237882     5.3599  0.000e+00
      0.601   1.237815     5.3606  0.000e+00
      0.601   1.237745     5.3604  0.000e+00
      0.603   1.237948     5.3600  0.000e+00
      0.604   1.237895     5.3614  0.000e+00
      0.606   1.237882     5.3622  0.000e+00
      0.606   1.238102     5.3624  0.000e+00
      0.605   1.238116     5.3645  0.000e+00
      0.605   1.237846     5.3660  0.000e+00
      0.606   1.237926     5.3649  0.000e+00
      0.604   1.237983     5.3642  0.000e+00
      0.600   1.238049     5.3645  0.000e+00
      0.601   1.238049     5.3656  0.000e+00
      0.603   1.238014     5.3657  0.000e+00
      0.604   1.237983     5.3656  0.000e+00
      0.602   1.237948     5.3650  0.000e+00
      0.602   1.238032     5.3642  0.000e+00
      0.604   1.238054     5.3654  0.000e+00
      0.605   1.238014     5.3660  0.000e+00
      0.603   1.238067     5.3658  0.000e+00
      0.606   1.238116     5.3662  0.000e+00
      0.605   1.238049     5.3671  0.000e+00
      0.605   1.237983     5.3676  0.000e+00
      0.604   1.237996     5.3669  0.000e+00
      0.602   1.237948     5.3665  0.000e+00
      0.603   1.237904     5.3661  0.000e+00
      0.604   1.237864     5.3654  0.000e+00
      0.604   1.237864     5.3648  0.000e+00
      0.603   1.237882     5.3643  0.000e+00
      0.604   1.237811     5.3639  0.000e+00
      0.606   1.237780     5.3632  0.000e+00
      0.605   1.237793     5.3625  0.000e+00
      0.606   1.237763     5.3617  0.000e+00
      0.611   1.237815     5.3610  0.000e+00
      0.626   1.237829     5.3610  0.000e+00
      0.634   1.237811     5.3613  0.000e+00
      0.661   1.237811     5.3614  0.000e+00
      0.726   1.237780     5.3614  0.000e+00
      0.840   1.237507     5.3609  0.000e+00
      0.958   1.237370     5.3586  0.000e+00
      1.005   1.237370     5.3543  0.000e+00
      1.030   1.237357     5.3513  0.000e+00
      1.112   1.237304     5.3490  0.000e+00
      1.238   1.237321     5.3467  0.000e+00
      1.337   1.237286     5.3458  0.000e+00
      1.377   1.237304     5.3451  0.000e+00
      1.390   1.237304     5.3453  0.000e+00
      1.442   1.237269     5.3452  0.000e+00
      1.538   1.237149     5.3409  0.000e+00
      1.614   1.237211     5.3293  0.000e+00
      1.660   1.237202     5.3212  0.000e+00
      1.675   1.237185     5.3153  0.000e+00
      1.722   1.237185     5.3117  0.000e+00
      1.810   1.237035     5.3078  0.000e+00
      1.886   1.236982     5.3011  0.000e+00
      1.929   1.236947     5.2941  0.000e+00
      1.945   1.236964     5.2901  0.000e+00
      1.994   1.236995     5.2895  0.000e+00
      2.073   1.236982     5.2875  0.000e+00
      2.139   1.236947     5.2795  0.000e+00
      2.160   1.236828     5.2645  0.000e+00
      2.171   1.236881     5.2488  0.000e+00
      2.236   1.236762     5.2406  0.000e+00
      2.330   1.236321     5.2266  0.000e+00
      2.431   1.236100     5.1924  0.000e+00
      2.470   1.236118     5.1578  0.000e+00
      2.482   1.236220     5.1350  0.000e+00
      2.517   1.236070     5.1241  0.000e+00
      2.602   1.235408     5.1147  0.000e+00
      2.691   1.235461     5.0995  0.000e+00
      2.756   1.235646     5.0890  0.000e+00
      2.773   1.235646     5.0842  0.000e+00
      2.778   1.235664     5.0816  0.000e+00
      2.840   1.235589     5.0815  0.000e+00
      2.920   1.235492     5.0802  0.000e+00
      2.994   1.235426     5.0760  0.000e+00
      3.029   1.235391     5.0701  0.000e+00
      3.037   1.235545     5.0660  0.000e+00
      3.065   1.235682     5.0667  0.000e+00
      3.109   1.235373     5.0697  0.000e+00
      3.181   1.234315     5.0662  0.000e+00
      3.237   1.234985     5.0548  0.000e+00
      3.255   1.234919     5.0521  0.000e+00
      3.259   1.234681     5.0494  0.000e+00
      3.289   1.233989     5.0478  0.000e+00
      3.351   1.234209     5.0388  0.000e+00
      3.413   1.234072     5.0325  0.000e+00
      3.454   1.233843     5.0280  0.000e+00
      3.460   1.234139     5.0193  0.000e+00
      3.466   1.234073     5.0180  0.000e+00
      3.499   1.233905     5.0176  0.000e+00
      3.567   1.233887     5.0141  0.000e+00
      3.632   1.233667     5.0093  0.000e+00
      3.661   1.233583     4.9997  0.000e+00
      3.662   1.233649     4.9907  0.000e+00
      3.677   1.233623     4.9849  0.000e+00
      3.725   1.233619     4.9826  0.000e+00
      3.782   1.233429     4.9798  0.000e+00
      3.822   1.224872     4.9617  0.000e+00
      3.831   1.175774     4.9175  0.000e+00
      3.827   1.189233     4.8896  0.000e+00
      3.778   1.219872     4.8789  0.000e+00
      3.657   1.232570     4.8859  0.000e+00
      3.473   1.233566     4.9033  0.000e+00
      3.337   1.234240     4.9287  0.000e+00
      3.252   1.234139     4.9556  0.000e+00
      3.149   1.234187     4.9783  0.000e+00
      2.996   1.234293     4.9944  0.000e+00
      2.832   1.234377     5.0062  0.000e+00
      2.686   1.234311     5.0155  0.000e+00
      2.596   1.234443     5.0219  0.000e+00
      2.517   1.234800     5.0269  0.000e+00
      2.418   1.234853     5.0339  0.000e+00
      2.286   1.234646     5.0416  0.000e+00
      2.152   1.235042     5.0478  0.000e+00
      2.027   1.235122     5.0554  0.000e+00
      1.923   1.235391     5.0643  0.000e+00
      1.810   1.235832     5.0750  0.000e+00
      1.672   1.235832     5.0934  0.000e+00
      1.520   1.236100     5.1115  0.000e+00
      1.404   1.236070     5.1295  0.000e+00
      1.331   1.236136     5.1453  0.000e+00
      1.250   1.236237     5.1572  0.000e+00
      1.154   1.236237     5.1685  0.000e+00
      1.031   1.236290     5.1795  0.000e+00
      0.886   1.236153     5.1911  0.000e+00
      0.745   1.236713     5.2098  0.000e+00
      0.616   1.236779     5.2338  0.000e+00
      0.474   1.236916     5.2546  0.000e+00
      0.377   1.237048     5.2700  0.000e+00
      0.294   1.237251     5.2830  0.000e+00
      0.245   1.237370     5.2966  0.000e+00
      0.203   1.237405     5.3097  0.000e+00
      0.174   1.237441     5.3199  0.000e+00
      0.154   1.237423     5.3277  0.000e+00
      0.139   1.237423     5.3335  0.000e+00
      0.141   1.237286     5.3381  0.000e+00
      0.093   1.237083     5.3413  0.000e+00
      0.022   1.237035     5.3432  0.000e+00
      0.023   1.237118     5.3423  0.000e+00
      0.028   1.237185     5.3394  0.000e+00
      0.028   1.237101     5.3355  0.000e+00
      0.029   1.236982     5.3330  0.000e+00
      0.028   1.236999     5.3291  0.000e+00
      0.028   1.237238     5.3222  0.000e+00
      0.028   1.027434     5.3157  0.000e+00
      0.026   0.247669     5.3095  0.000e+00
      0.028   0.244497     5.3052  0.000e+00
      0.026   0.217151     5.3044  0.000e+00
      0.028   0.205103     5.3045  0.000e+00
      0.027   0.185935     5.3052  0.000e+00
      0.029   0.164547     5.3059  0.000e+00
      0.027   0.149804     5.3075  0.000e+00
      0.027   0.132234     5.3091  0.000e+00
      0.025   0.120417     5.3101  0.000e+00
