data/input/seabird/SBE_9_Block026WTransect1.cnv
* Sea-Bird SBE 9 Data File:
* FileName = C:\CTD\SBE-9\Data\Year13\PC-13-02\Block026WTransect1.hex
* Software Version Seasave V 7.21k
* Temperature SN = 4616
* Conductivity SN = 3283
* Number of Bytes Per Scan = 37
* Number of Voltage Words = 4
* Number of Scans Averaged by the Deck Unit = 1
* NMEA Latitude = 26 37.88 N
* NMEA Longitude = 096 32.77 W
* NMEA UTC (Time) = Apr 08 2013  01:46:42
* NMEA baud rate = 4800
** Ship: PISCES
** Cruise: 1302
** Station: Block026WTransect!
** Cast:01
** Latitude: 26 37.8410
** Longitude: 096 32.7832
** SEAMAP Station Number:
** Operators Initials: jrs
** Depth (m) : 91
# nquan = 7                                 
# nvalues = 10155                       
# units = specified
# name 0 = prDM: Pressure, Digiquartz [db]
# name 1 = c0S/m: Conductivity [S/m]
# name 2 = t090C: Temperature [ITS-90, deg C]
# name 3 = sal00: Salinity, Practical [PSU]
# name 4 = sigma-é00: Density [sigma-theta, kg/m^3]
# name 5 = svCM: Sound Velocity [Chen-Millero, m/s]
# name 6 = flag: flag
# span 0 =      2.909,     86.355       
# span 1 =   4.726235,   5.035155       
# span 2 =    19.1640,    20.8507       
# span 3 =    34.5096,    36.4142       
# span 4 =    24.3983,    26.0170       
# span 5 =    1520.79,    1525.92       
# span 6 = 0.0000e+00, 0.0000e+00       
# interval = seconds: 0.0416667
# start_time = Apr 08 2013 01:46:42 [NMEA time, header]
# bad_flag = -9.990e-29
*END*
[from data line 5949]
     42.076   5.030603    20.8323    36.2294    25.4782    1525.82 0.0000e+00
     42.096   5.030543    20.8316    36.2295    25.4785    1525.82 0.0000e+00
     42.128   5.030603    20.8314    36.2301    25.4790    1525.82 0.0000e+00
     42.138   5.030783    20.8325    36.2307    25.4791    1525.83 0.0000e+00
     42.172   5.030903    20.8333    36.2309    25.4791    1525.83 0.0000e+00
     42.190   5.030858    20.8337    36.2302    25.4784    1525.83 0.0000e+00
     42.211   5.030746    20.8335    36.2295    25.4779    1525.83 0.0000e+00
     42.243   5.030746    20.8330    36.2299    25.4784    1525.83 0.0000e+00
     42.267   5.030851    20.8333    36.2305    25.4788    1525.83 0.0000e+00
     42.295   5.030978    20.8335    36.2313    25.4793    1525.83 0.0000e+00
     42.295   5.030978    20.8342    36.2307    25.4787    1525.83 0.0000e+00
     42.347   5.030933    20.8341    36.2304    25.4785    1525.83 0.0000e+00
     42.359   5.030791    20.8332    36.2300    25.4785    1525.83 0.0000e+00
     42.392   5.030731    20.8327    36.2300    25.4785    1525.83 0.0000e+00
     42.400   5.030746    20.8326    36.2302    25.4787    1525.83 0.0000e+00
     42.442   5.030791    20.8328    36.2304    25.4788    1525.83 0.0000e+00
     42.463   5.030798    20.8333    36.2300    25.4784    1525.83 0.0000e+00
     42.486   5.030858    20.8334    36.2304    25.4787    1525.83 0.0000e+00
     42.515   5.030978    20.8341    36.2307    25.4787    1525.84 0.0000e+00
     42.537   5.030948    20.8341    36.2305    25.4786    1525.84 0.0000e+00
     42.559   5.030926    20.8335    36.2308    25.4790    1525.84 0.0000e+00
     42.589   5.030926    20.8337    36.2306    25.4788    1525.84 0.0000e+00
     42.620   5.030858    20.8339    36.2299    25.4782    1525.84 0.0000e+00
     42.651   5.030903    20.8337    36.2304    25.4786    1525.84 0.0000e+00
     42.685   5.031106    20.8348    36.2311    25.4788    1525.84 0.0000e+00
     42.694   5.031151    20.8353    36.2311    25.4787    1525.84 0.0000e+00
     42.725   5.031098    20.8349    36.2310    25.4787    1525.84 0.0000e+00
     42.769   5.031128    20.8348    36.2313    25.4790    1525.84 0.0000e+00
     42.798   5.031443    20.8360    36.2328    25.4798    1525.85 0.0000e+00
     42.819   5.031833    20.8380    36.2342    25.4804    1525.86 0.0000e+00
     42.851   5.031841    20.8387    36.2337    25.4798    1525.86 0.0000e+00
     42.885   5.031803    20.8380    36.2340    25.4802    1525.86 0.0000e+00
     42.913   5.031653    20.8376    36.2331    25.4796    1525.85 0.0000e+00
     42.955   5.031473    20.8369    36.2322    25.4791    1525.85 0.0000e+00
     42.978   5.031646    20.8373    36.2333    25.4798    1525.86 0.0000e+00
     43.019   5.031721    20.8382    36.2331    25.4794    1525.86 0.0000e+00
     43.050   5.031683    20.8383    36.2327    25.4791    1525.86 0.0000e+00
     43.094   5.031623    20.8380    36.2324    25.4790    1525.86 0.0000e+00
     43.124   5.031496    20.8374    36.2319    25.4788    1525.86 0.0000e+00
     43.155   5.031466    20.8364    36.2325    25.4795    1525.86 0.0000e+00
     43.198   5.032298    20.8396    36.2365    25.4817    1525.87 0.0000e+00
     43.217   5.033633    20.8457    36.2421    25.4843    1525.89 0.0000e+00
     43.269   5.034518    20.8488    36.2466    25.4869    1525.91 0.0000e+00
     43.303   5.035028    20.8507    36.2491    25.4883    1525.91 0.0000e+00
     43.333   5.035155    20.8503    36.2505    25.4894    1525.92 0.0000e+00
     43.385   5.034908    20.8477    36.2507    25.4903    1525.91 0.0000e+00
     43.418   5.034390    20.8430    36.2505    25.4914    1525.90 0.0000e+00
     43.447   5.033858    20.8380    36.2504    25.4927    1525.88 0.0000e+00
     43.501   5.033363    20.8332    36.2505    25.4941    1525.87 0.0000e+00
     43.522   5.032913    20.8288    36.2506    25.4953    1525.86 0.0000e+00
     43.573   5.032553    20.8258    36.2502    25.4959    1525.85 0.0000e+00
     43.617   5.032201    20.8226    36.2501    25.4966    1525.85 0.0000e+00
     43.647   5.031909    20.8195    36.2503    25.4977    1525.84 0.0000e+00
     43.689   5.031691    20.8173    36.2504    25.4984    1525.83 0.0000e+00
     43.733   5.031481    20.8152    36.2505    25.4990    1525.83 0.0000e+00
     43.773   5.031302    20.8134    36.2506    25.4995    1525.82 0.0000e+00
     43.826   5.031234    20.8125    36.2508    25.4999    1525.82 0.0000e+00
     43.857   5.031182    20.8120    36.2507    25.5001    1525.82 0.0000e+00
     43.910   5.031212    20.8119    36.2511    25.5003    1525.82 0.0000e+00
     43.942   5.031249    20.8113    36.2519    25.5011    1525.82 0.0000e+00
     43.993   5.031257    20.8118    36.2515    25.5007    1525.82 0.0000e+00
     44.036   5.031294    20.8113    36.2522    25.5014    1525.82 0.0000e+00
     44.088   5.031302    20.8114    36.2521    25.5013    1525.83 0.0000e+00
     44.120   5.031302    20.8113    36.2522    25.5014    1525.83 0.0000e+00
     44.171   5.031302    20.8114    36.2521    25.5013    1525.83 0.0000e+00
     44.225   5.031324    20.8110    36.2526    25.5018    1525.83 0.0000e+00
     44.266   5.031287    20.8104    36.2528    25.5021    1525.83 0.0000e+00
     44.309   5.031257    20.8094    36.2534    25.5028    1525.82 0.0000e+00
     44.359   5.031264    20.8091    36.2537    25.5031    1525.83 0.0000e+00
     44.402   5.031317    20.8086    36.2545    25.5039    1525.83 0.0000e+00
     44.466   5.031339    20.8084    36.2549    25.5042    1525.83 0.0000e+00
     44.507   5.031377    20.8084    36.2552    25.5045    1525.83 0.0000e+00
     44.560   5.031384    20.8078    36.2557    25.5050    1525.83 0.0000e+00
     44.601   5.031362    20.8073    36.2559    25.5054    1525.83 0.0000e+00
     44.654   5.031190    20.8054    36.2562    25.5060    1525.82 0.0000e+00
     44.706   5.030815    20.8031    36.2551    25.5058    1525.82 0.0000e+00
     44.760   5.030058    20.7970    36.2541    25.5068    1525.80 0.0000e+00
     44.801   5.028791    20.7870    36.2523    25.5081    1525.77 0.0000e+00
     44.863   5.027659    20.7780    36.2508    25.5094    1525.75 0.0000e+00
     44.905   5.026767    20.7714    36.2492    25.5100    1525.73 0.0000e+00
     44.979   5.025891    20.7632    36.2491    25.5121    1525.71 0.0000e+00
     45.010   5.025111    20.7565    36.2485    25.5135    1525.69 0.0000e+00
     45.072   5.024602    20.7527    36.2475    25.5138    1525.68 0.0000e+00
     45.126   5.024272    20.7501    36.2471    25.5142    1525.67 0.0000e+00
     45.178   5.023868    20.7468    36.2466    25.5147    1525.66 0.0000e+00
     45.219   5.023486    20.7435    36.2463    25.5154    1525.65 0.0000e+00
     45.293   5.023231    20.7420    36.2455    25.5152    1525.65 0.0000e+00
     45.335   5.023066    20.7406    36.2453    25.5154    1525.65 0.0000e+00
     45.398   5.022871    20.7394    36.2447    25.5153    1525.64 0.0000e+00
     45.440   5.022707    20.7378    36.2447    25.5158    1525.64 0.0000e+00
     45.504   5.022527    20.7371    36.2439    25.5153    1525.64 0.0000e+00
     45.556   5.022340    20.7357    36.2435    25.5154    1525.64 0.0000e+00
     45.608   5.022115    20.7343    36.2429    25.5153    1525.63 0.0000e+00
     45.671   5.021740    20.7316    36.2421    25.5154    1525.62 0.0000e+00
     45.713   5.021313    20.7278    36.2419    25.5163    1525.61 0.0000e+00
     45.787   5.021029    20.7263    36.2408    25.5159    1525.61 0.0000e+00
     45.828   5.020894    20.7254    36.2405    25.5159    1525.61 0.0000e+00
     45.870   5.020692    20.7236    36.2404    25.5163    1525.60 0.0000e+00
     45.944   5.020542    20.7227    36.2399    25.5162    1525.60 0.0000e+00
     45.996   5.020594    20.7230    36.2400    25.5162    1525.60 0.0000e+00
     46.058   5.020722    20.7238    36.2404    25.5162    1525.61 0.0000e+00
     46.101   5.020692    20.7234    36.2404    25.5164    1525.61 0.0000e+00
     46.163   5.020729    20.7238    36.2404    25.5163    1525.61 0.0000e+00
     46.217   5.020909    20.7254    36.2405    25.5159    1525.62 0.0000e+00
     46.279   5.021029    20.7261    36.2408    25.5160    1525.62 0.0000e+00
     46.320   5.021104    20.7264    36.2412    25.5162    1525.62 0.0000e+00
     46.384   5.021104    20.7266    36.2410    25.5160    1525.62 0.0000e+00
     46.446   5.020894    20.7257    36.2400    25.5155    1525.62 0.0000e+00
     46.498   5.020273    20.7215    36.2385    25.5155    1525.61 0.0000e+00
     46.552   5.019366    20.7154    36.2363    25.5155    1525.59 0.0000e+00
     46.604   5.018707    20.7106    36.2351    25.5158    1525.58 0.0000e+00
     46.657   5.018355    20.7078    36.2346    25.5162    1525.57 0.0000e+00
     46.709   5.018288    20.7067    36.2350    25.5168    1525.57 0.0000e+00
     46.771   5.018288    20.7063    36.2353    25.5172    1525.57 0.0000e+00
     46.814   5.018281    20.7063    36.2352    25.5171    1525.57 0.0000e+00
     46.876   5.018213    20.7058    36.2351    25.5171    1525.57 0.0000e+00
     46.928   5.018131    20.7055    36.2346    25.5169    1525.57 0.0000e+00
     46.980   5.017989    20.7044    36.2344    25.5170    1525.56 0.0000e+00
     47.034   5.017794    20.7035    36.2336    25.5166    1525.56 0.0000e+00
     47.085   5.017764    20.7028    36.2339    25.5171    1525.56 0.0000e+00
     47.128   5.017749    20.7021    36.2344    25.5176    1525.56 0.0000e+00
     47.191   5.017547    20.7012    36.2335    25.5172    1525.56 0.0000e+00
     47.244   5.017420    20.7000    36.2334    25.5175    1525.56 0.0000e+00
     47.286   5.017277    20.6989    36.2332    25.5176    1525.55 0.0000e+00
     47.337   5.017172    20.6982    36.2329    25.5176    1525.55 0.0000e+00
     47.401   5.017120    20.6982    36.2325    25.5173    1525.55 0.0000e+00
     47.442   5.017135    20.6977    36.2330    25.5178    1525.55 0.0000e+00
     47.484   5.017060    20.6970    36.2330    25.5180    1525.55 0.0000e+00
     47.536   5.016933    20.6962    36.2326    25.5179    1525.55 0.0000e+00
     47.590   5.016903    20.6957    36.2328    25.5182    1525.55 0.0000e+00
     47.620   5.016866    20.6955    36.2326    25.5181    1525.55 0.0000e+00
     47.684   5.016828    20.6952    36.2326    25.5181    1525.55 0.0000e+00
     47.726   5.016723    20.6946    36.2322    25.5180    1525.55 0.0000e+00
     47.778   5.016656    20.6938    36.2323    25.5184    1525.55 0.0000e+00
     47.809   5.016559    20.6934    36.2319    25.5181    1525.55 0.0000e+00
     47.862   5.016461    20.6927    36.2317    25.5181    1525.54 0.0000e+00
     47.916   5.016214    20.6909    36.2312    25.5183    1525.54 0.0000e+00
     47.945   5.016050    20.6891    36.2314    25.5189    1525.54 0.0000e+00
     47.988   5.015900    20.6877    36.2313    25.5192    1525.53 0.0000e+00
     48.030   5.015698    20.6865    36.2307    25.5191    1525.53 0.0000e+00
     48.071   5.015511    20.6849    36.2305    25.5194    1525.53 0.0000e+00
     48.114   5.015189    20.6824    36.2300    25.5197    1525.52 0.0000e+00
     48.155   5.014822    20.6794    36.2296    25.5202    1525.51 0.0000e+00
     48.187   5.014410    20.6760    36.2291    25.5208    1525.50 0.0000e+00
     48.228   5.014051    20.6738    36.2281    25.5206    1525.50 0.0000e+00
     48.271   5.013744    20.6716    36.2275    25.5207    1525.49 0.0000e+00
     48.302   5.013385    20.6684    36.2273    25.5214    1525.48 0.0000e+00
     48.336   5.013018    20.6659    36.2264    25.5214    1525.47 0.0000e+00
     48.375   5.012823    20.6643    36.2262    25.5217    1525.47 0.0000e+00
     48.407   5.012853    20.6641    36.2266    25.5220    1525.47 0.0000e+00
     48.449   5.012689    20.6634    36.2258    25.5217    1525.47 0.0000e+00
     48.470   5.012337    20.6609    36.2251    25.5218    1525.46 0.0000e+00
     48.501   5.011768    20.6565    36.2242    25.5223    1525.45 0.0000e+00
     48.544   5.011072    20.6512    36.2231    25.5229    1525.43 0.0000e+00
     48.565   5.010398    20.6457    36.2223    25.5238    1525.42 0.0000e+00
     48.596   5.009575    20.6392    36.2211    25.5246    1525.40 0.0000e+00
     48.637   5.008565    20.6317    36.2193    25.5253    1525.38 0.0000e+00
     48.658   5.007211    20.6226    36.2161    25.5253    1525.35 0.0000e+00
     48.689   5.005116    20.6098    36.2099    25.5241    1525.31 0.0000e+00
     48.722   5.002064    20.5865    36.2050    25.5266    1525.24 0.0000e+00
     48.743   4.998759    20.5581    36.2024    25.5323    1525.16 0.0000e+00
     48.774   4.995933    20.5359    36.1983    25.5352    1525.10 0.0000e+00
     48.796   4.993347    20.5150    36.1951    25.5383    1525.04 0.0000e+00
     48.827   4.990568    20.4921    36.1920    25.5422    1524.97 0.0000e+00
     48.858   4.987632    20.4671    36.1894    25.5469    1524.90 0.0000e+00
     48.879   4.985264    20.4455    36.1886    25.5521    1524.84 0.0000e+00
     48.910   4.983823    20.4318    36.1885    25.5558    1524.80 0.0000e+00
     48.941   4.983301    20.4230    36.1918    25.5606    1524.79 0.0000e+00
     48.953   4.983390    20.4209    36.1943    25.5631    1524.78 0.0000e+00
     48.984   4.982688    20.4136    36.1948    25.5654    1524.76 0.0000e+00
     49.005   4.981628    20.4033    36.1950    25.5683    1524.74 0.0000e+00
     49.026   4.981136    20.3994    36.1943    25.5689    1524.72 0.0000e+00
     49.067   4.981166    20.3973    36.1963    25.5710    1524.72 0.0000e+00
     49.079   4.981188    20.3971    36.1967    25.5713    1524.72 0.0000e+00
     49.110   4.980942    20.3943    36.1970    25.5723    1524.72 0.0000e+00
     49.141   4.980762    20.3930    36.1967    25.5724    1524.71 0.0000e+00
     49.162   4.980673    20.3904    36.1982    25.5742    1524.71 0.0000e+00
     49.183   4.980837    20.3907    36.1992    25.5750    1524.71 0.0000e+00
     49.205   4.980874    20.3904    36.1998    25.5755    1524.71 0.0000e+00
     49.226   4.980852    20.3886    36.2012    25.5770    1524.71 0.0000e+00
     49.257   4.980897    20.3876    36.2024    25.5782    1524.71 0.0000e+00
     49.278   4.980927    20.3863    36.2037    25.5796    1524.70 0.0000e+00
     49.298   4.980912    20.3858    36.2040    25.5799    1524.70 0.0000e+00
     49.319   4.980957    20.3859    36.2043    25.5801    1524.70 0.0000e+00
     49.352   4.981084    20.3858    36.2054    25.5810    1524.71 0.0000e+00
     49.371   4.981606    20.3869    36.2087    25.5832    1524.71 0.0000e+00
     49.404   4.982375    20.3890    36.2132    25.5861    1524.72 0.0000e+00
     49.424   4.982853    20.3916    36.2149    25.5867    1524.73 0.0000e+00
     49.463   4.983040    20.3923    36.2158    25.5872    1524.74 0.0000e+00
     49.488   4.983443    20.3943    36.2173    25.5878    1524.74 0.0000e+00
     49.497   4.984197    20.3970    36.2212    25.5900    1524.76 0.0000e+00
     49.540   4.985243    20.4021    36.2253    25.5918    1524.78 0.0000e+00
     49.571   4.986065    20.4056    36.2291    25.5937    1524.79 0.0000e+00
     49.582   4.986550    20.4081    36.2309    25.5944    1524.80 0.0000e+00
     49.613   4.987275    20.4113    36.2340    25.5960    1524.81 0.0000e+00
     49.645   4.987835    20.4140    36.2363    25.5970    1524.82 0.0000e+00
     49.666   4.987939    20.4154    36.2359    25.5963    1524.83 0.0000e+00
     49.697   4.988066    20.4163    36.2362    25.5963    1524.83 0.0000e+00
     49.728   4.988268    20.4174    36.2369    25.5965    1524.83 0.0000e+00
     49.749   4.988567    20.4186    36.2383    25.5973    1524.84 0.0000e+00
     49.792   4.988836    20.4198    36.2394    25.5978    1524.84 0.0000e+00
     49.799   4.989097    20.4212    36.2404    25.5982    1524.85 0.0000e+00
     49.844   4.989150    20.4219    36.2402    25.5979    1524.85 0.0000e+00
     49.887   4.989150    20.4219    36.2402    25.5978    1524.85 0.0000e+00
