data/input/seabird/SBE_9_Block026WTransect1.cnv
* Sea-Bird SBE 9 Data File:
* FileName = C:\CTD\SBE-9\Data\Year13\PC-13-02\Block026WTransect1.hex
* Software Version Seasave V 7.21k
* Temperature SN = 4616
* Conductivity SN = 3283
* Number of Bytes Per Scan = 37
* Number of Voltage Words = 4
* Number of Scans Averaged by the Deck Unit = 1
* NMEA Latitude = 26 37.88 N
* NMEA Longitude = 096 32.77 W
* NMEA UTC (Time) = Apr 08 2013  01:46:42
* NMEA baud rate = 4800
** Ship: PISCES
** Cruise: 1302
** Station: Block026WTransect!
** Cast:01
** Latitude: 26 37.8410
** Longitude: 096 32.7832
** SEAMAP Station Number:
** Operators Initials: jrs
** Depth (m) : 91
# nquan = 7                                 
# nvalues = 10155                       
# units = specified
# name 0 = prDM: Pressure, Digiquartz [db]
# name 1 = c0S/m: Conductivity [S/m]
# name 2 = t090C: Temperature [ITS-90, deg C]
# name 3 = sal00: Salinity, Practical [PSU]
# name 4 = sigma-é00: Density [sigma-theta, kg/m^3]
# name 5 = svCM: Sound Velocity [Chen-Millero, m/s]
# name 6 = flag: flag
# span 0 =      2.909,     86.355       
# span 1 =   4.726235,   5.035155       
# span 2 =    19.1640,    20.8507       
# span 3 =    34.5096,    36.4142       
# span 4 =    24.3983,    26.0170       
# span 5 =    1520.79,    1525.92       
# span 6 = 0.0000e+00, 0.0000e+00       
# interval = seconds: 0.0416667
# start_time = Apr 08 2013 01:46:42 [NMEA time, header]
# bad_flag = -9.990e-29
*END*
[from data line 8001]
     67.996   4.947810    19.8769    36.3638    25.8384    1523.80 0.0000e+00
     67.944   4.947996    19.8790    36.3635    25.8377    1523.80 0.0000e+00
     67.913   4.948287    19.8815    36.3638    25.8372    1523.81 0.0000e+00
     67.870   4.948703    19.8834    36.3656    25.8381    1523.81 0.0000e+00
     67.876   4.949128    19.8867    36.3662    25.8377    1523.82 0.0000e+00
     67.796   4.949552    19.8898    36.3671    25.8375    1523.83 0.0000e+00
     67.786   4.950088    19.8933    36.3685    25.8377    1523.84 0.0000e+00
     67.744   4.950855    19.8977    36.3710    25.8384    1523.86 0.0000e+00
     67.691   4.951719    19.9041    36.3726    25.8380    1523.88 0.0000e+00
     67.649   4.952680    19.9108    36.3748    25.8378    1523.90 0.0000e+00
     67.606   4.953700    19.9196    36.3756    25.8361    1523.92 0.0000e+00
     67.602   4.954646    19.9286    36.3756    25.8337    1523.94 0.0000e+00
     67.513   4.955339    19.9353    36.3755    25.8319    1523.96 0.0000e+00
     67.480   4.956024    19.9419    36.3755    25.8301    1523.98 0.0000e+00
     67.470   4.956508    19.9468    36.3752    25.8286    1523.99 0.0000e+00
     67.407   4.957141    19.9511    36.3767    25.8287    1524.00 0.0000e+00
     67.354   4.958408    19.9580    36.3812    25.8303    1524.03 0.0000e+00
     67.312   4.959958    19.9696    36.3840    25.8293    1524.06 0.0000e+00
     67.292   4.960845    19.9799    36.3824    25.8253    1524.09 0.0000e+00
     67.255   4.961419    19.9868    36.3812    25.8225    1524.11 0.0000e+00
     67.207   4.961799    19.9923    36.3795    25.8199    1524.12 0.0000e+00
     67.166   4.962104    19.9958    36.3790    25.8185    1524.13 0.0000e+00
     67.154   4.962268    19.9985    36.3781    25.8171    1524.13 0.0000e+00
     67.102   4.962387    20.0007    36.3772    25.8158    1524.14 0.0000e+00
     67.038   4.962484    20.0013    36.3775    25.8159    1524.14 0.0000e+00
     66.997   4.962633    20.0017    36.3784    25.8164    1524.14 0.0000e+00
     66.954   4.962954    20.0040    36.3790    25.8163    1524.15 0.0000e+00
     66.923   4.963110    20.0057    36.3789    25.8158    1524.15 0.0000e+00
     66.859   4.963252    20.0074    36.3786    25.8151    1524.15 0.0000e+00
     66.849   4.963543    20.0089    36.3797    25.8155    1524.16 0.0000e+00
     66.797   4.963878    20.0109    36.3807    25.8158    1524.16 0.0000e+00
     66.764   4.964176    20.0143    36.3803    25.8145    1524.17 0.0000e+00
     66.708   4.964430    20.0171    36.3799    25.8135    1524.18 0.0000e+00
     66.681   4.964527    20.0187    36.3794    25.8127    1524.18 0.0000e+00
     66.628   4.964668    20.0196    36.3798    25.8127    1524.18 0.0000e+00
     66.607   4.964929    20.0213    36.3805    25.8128    1524.19 0.0000e+00
     66.543   4.965160    20.0234    36.3806    25.8123    1524.19 0.0000e+00
     66.512   4.965272    20.0251    36.3800    25.8115    1524.20 0.0000e+00
     66.471   4.965540    20.0266    36.3810    25.8118    1524.20 0.0000e+00
     66.450   4.965861    20.0288    36.3817    25.8118    1524.21 0.0000e+00
     66.397   4.966107    20.0309    36.3819    25.8114    1524.21 0.0000e+00
     66.355   4.966323    20.0328    36.3821    25.8110    1524.22 0.0000e+00
     66.334   4.966465    20.0346    36.3817    25.8102    1524.22 0.0000e+00
     66.270   4.966562    20.0357    36.3816    25.8098    1524.22 0.0000e+00
     66.229   4.966785    20.0368    36.3825    25.8102    1524.23 0.0000e+00
     66.186   4.967054    20.0385    36.3832    25.8103    1524.23 0.0000e+00
     66.165   4.967300    20.0408    36.3833    25.8098    1524.24 0.0000e+00
     66.124   4.967613    20.0428    36.3841    25.8099    1524.24 0.0000e+00
     66.050   4.968016    20.0454    36.3852    25.8100    1524.25 0.0000e+00
     66.039   4.968635    20.0493    36.3870    25.8103    1524.26 0.0000e+00
     65.986   4.969418    20.0546    36.3888    25.8103    1524.28 0.0000e+00
     65.979   4.970111    20.0610    36.3890    25.8088    1524.30 0.0000e+00
     65.923   4.970686    20.0671    36.3885    25.8067    1524.31 0.0000e+00
     65.891   4.971141    20.0721    36.3879    25.8050    1524.33 0.0000e+00
     65.839   4.971588    20.0766    36.3877    25.8036    1524.34 0.0000e+00
     65.808   4.971976    20.0807    36.3874    25.8023    1524.35 0.0000e+00
     65.755   4.972297    20.0844    36.3868    25.8009    1524.36 0.0000e+00
     65.755   4.972483    20.0874    36.3858    25.7993    1524.36 0.0000e+00
     65.692   4.972461    20.0880    36.3851    25.7986    1524.36 0.0000e+00
     65.670   4.972476    20.0887    36.3846    25.7980    1524.36 0.0000e+00
     65.639   4.972834    20.0896    36.3868    25.7994    1524.37 0.0000e+00
     65.597   4.973319    20.0926    36.3882    25.7997    1524.38 0.0000e+00
     65.555   4.973916    20.0965    36.3898    25.7999    1524.39 0.0000e+00
     65.513   4.974318    20.1002    36.3899    25.7990    1524.40 0.0000e+00
     65.492   4.974684    20.1040    36.3896    25.7978    1524.41 0.0000e+00
     65.463   4.975027    20.1070    36.3899    25.7971    1524.42 0.0000e+00
     65.429   4.975356    20.1097    36.3902    25.7967    1524.42 0.0000e+00
     65.397   4.975758    20.1127    36.3910    25.7965    1524.43 0.0000e+00
     65.344   4.976012    20.1157    36.3905    25.7953    1524.44 0.0000e+00
     65.323   4.976251    20.1180    36.3905    25.7947    1524.45 0.0000e+00
     65.282   4.976497    20.1199    36.3909    25.7945    1524.45 0.0000e+00
     65.271   4.976691    20.1217    36.3909    25.7940    1524.45 0.0000e+00
     65.208   4.976923    20.1237    36.3911    25.7936    1524.46 0.0000e+00
     65.201   4.977034    20.1247    36.3912    25.7934    1524.46 0.0000e+00
     65.156   4.977191    20.1261    36.3912    25.7931    1524.47 0.0000e+00
     65.123   4.977258    20.1270    36.3910    25.7927    1524.47 0.0000e+00
     65.092   4.977370    20.1281    36.3910    25.7924    1524.47 0.0000e+00
     65.061   4.977557    20.1291    36.3917    25.7926    1524.47 0.0000e+00
     65.030   4.977631    20.1302    36.3914    25.7921    1524.47 0.0000e+00
     64.966   4.977773    20.1311    36.3918    25.7922    1524.48 0.0000e+00
     64.969   4.977803    20.1320    36.3912    25.7915    1524.48 0.0000e+00
     64.923   4.977751    20.1321    36.3908    25.7911    1524.48 0.0000e+00
     64.902   4.977721    20.1322    36.3904    25.7908    1524.48 0.0000e+00
     64.882   4.977669    20.1325    36.3897    25.7902    1524.48 0.0000e+00
     64.850   4.977587    20.1320    36.3895    25.7902    1524.47 0.0000e+00
     64.797   4.977557    20.1321    36.3892    25.7899    1524.47 0.0000e+00
     64.769   4.977534    20.1320    36.3891    25.7899    1524.47 0.0000e+00
     64.735   4.977482    20.1320    36.3887    25.7895    1524.47 0.0000e+00
     64.692   4.977452    20.1316    36.3888    25.7897    1524.47 0.0000e+00
     64.671   4.977445    20.1316    36.3888    25.7897    1524.47 0.0000e+00
     64.640   4.977430    20.1315    36.3887    25.7897    1524.47 0.0000e+00
     64.580   4.977377    20.1314    36.3884    25.7895    1524.47 0.0000e+00
     64.576   4.977407    20.1314    36.3887    25.7897    1524.47 0.0000e+00
     64.535   4.977437    20.1316    36.3887    25.7897    1524.47 0.0000e+00
     64.514   4.977489    20.1320    36.3888    25.7896    1524.47 0.0000e+00
     64.502   4.977556    20.1323    36.3891    25.7898    1524.47 0.0000e+00
     64.474   4.977594    20.1325    36.3893    25.7898    1524.47 0.0000e+00
     64.409   4.977661    20.1334    36.3891    25.7894    1524.47 0.0000e+00
     64.345   4.977750    20.1338    36.3895    25.7897    1524.47 0.0000e+00
     64.345   4.977952    20.1350    36.3901    25.7898    1524.48 0.0000e+00
     64.314   4.978176    20.1365    36.3907    25.7898    1524.48 0.0000e+00
     64.274   4.978437    20.1378    36.3917    25.7903    1524.48 0.0000e+00
     64.240   4.978773    20.1404    36.3922    25.7900    1524.49 0.0000e+00
     64.188   4.979064    20.1427    36.3927    25.7897    1524.50 0.0000e+00
     64.167   4.979303    20.1449    36.3927    25.7892    1524.50 0.0000e+00
     64.148   4.979549    20.1459    36.3939    25.7898    1524.51 0.0000e+00
     64.103   4.979997    20.1491    36.3948    25.7896    1524.52 0.0000e+00
     64.072   4.980520    20.1532    36.3956    25.7891    1524.53 0.0000e+00
     64.019   4.981012    20.1572    36.3962    25.7885    1524.54 0.0000e+00
     63.991   4.981520    20.1610    36.3971    25.7882    1524.55 0.0000e+00
     63.967   4.982072    20.1654    36.3978    25.7876    1524.56 0.0000e+00
     63.924   4.982610    20.1700    36.3983    25.7867    1524.57 0.0000e+00
     63.896   4.983088    20.1735    36.3992    25.7865    1524.58 0.0000e+00
     63.841   4.983394    20.1772    36.3985    25.7850    1524.59 0.0000e+00
     63.819   4.983797    20.1803    36.3992    25.7846    1524.60 0.0000e+00
     63.767   4.984155    20.1834    36.3995    25.7840    1524.61 0.0000e+00
     63.717   4.984462    20.1861    36.3997    25.7834    1524.62 0.0000e+00
     63.693   4.984850    20.1893    36.4001    25.7829    1524.62 0.0000e+00
     63.641   4.985298    20.1923    36.4012    25.7829    1524.63 0.0000e+00
     63.611   4.985783    20.1956    36.4023    25.7829    1524.64 0.0000e+00
     63.588   4.986224    20.1997    36.4024    25.7819    1524.65 0.0000e+00
     63.546   4.986739    20.2033    36.4036    25.7818    1524.66 0.0000e+00
     63.516   4.987307    20.2070    36.4050    25.7819    1524.68 0.0000e+00
     63.462   4.987792    20.2112    36.4054    25.7811    1524.69 0.0000e+00
     63.420   4.988323    20.2153    36.4062    25.7806    1524.70 0.0000e+00
     63.411   4.988823    20.2198    36.4065    25.7796    1524.71 0.0000e+00
     63.325   4.989264    20.2240    36.4065    25.7785    1524.72 0.0000e+00
     63.294   4.989727    20.2277    36.4071    25.7780    1524.73 0.0000e+00
     63.275   4.990205    20.2314    36.4078    25.7775    1524.74 0.0000e+00
     63.210   4.990541    20.2353    36.4072    25.7760    1524.75 0.0000e+00
     63.189   4.990975    20.2381    36.4084    25.7762    1524.76 0.0000e+00
     63.149   4.991460    20.2424    36.4087    25.7752    1524.77 0.0000e+00
     63.115   4.992013    20.2466    36.4096    25.7748    1524.78 0.0000e+00
     63.042   4.992409    20.2507    36.4093    25.7735    1524.79 0.0000e+00
     63.033   4.992701    20.2537    36.4091    25.7726    1524.80 0.0000e+00
     62.978   4.992813    20.2560    36.4081    25.7711    1524.80 0.0000e+00
     62.928   4.992888    20.2573    36.4076    25.7704    1524.81 0.0000e+00
     62.884   4.992970    20.2582    36.4075    25.7701    1524.81 0.0000e+00
     62.863   4.992985    20.2589    36.4070    25.7695    1524.81 0.0000e+00
     62.833   4.992925    20.2593    36.4062    25.7688    1524.81 0.0000e+00
     62.789   4.992910    20.2587    36.4066    25.7693    1524.81 0.0000e+00
     62.717   4.992910    20.2589    36.4065    25.7691    1524.81 0.0000e+00
     62.694   4.992835    20.2591    36.4057    25.7685    1524.81 0.0000e+00
     62.675   4.992723    20.2583    36.4055    25.7685    1524.80 0.0000e+00
     62.611   4.992633    20.2580    36.4050    25.7682    1524.80 0.0000e+00
     62.600   4.992521    20.2577    36.4044    25.7678    1524.80 0.0000e+00
     62.539   4.992387    20.2566    36.4042    25.7680    1524.79 0.0000e+00
     62.495   4.992334    20.2559    36.4044    25.7683    1524.79 0.0000e+00
     62.486   4.992230    20.2553    36.4041    25.7682    1524.79 0.0000e+00
     62.421   4.992319    20.2552    36.4049    25.7689    1524.79 0.0000e+00
     62.381   4.992260    20.2552    36.4045    25.7686    1524.79 0.0000e+00
     62.359   4.992140    20.2548    36.4038    25.7682    1524.79 0.0000e+00
     62.318   4.992020    20.2543    36.4033    25.7679    1524.78 0.0000e+00
     62.264   4.991990    20.2536    36.4037    25.7684    1524.78 0.0000e+00
     62.252   4.991916    20.2529    36.4037    25.7686    1524.78 0.0000e+00
     62.213   4.991804    20.2526    36.4030    25.7681    1524.78 0.0000e+00
     62.190   4.991781    20.2520    36.4034    25.7686    1524.78 0.0000e+00
     62.128   4.991781    20.2516    36.4037    25.7689    1524.77 0.0000e+00
     62.095   4.991706    20.2514    36.4033    25.7687    1524.77 0.0000e+00
     62.075   4.991691    20.2513    36.4033    25.7687    1524.77 0.0000e+00
     62.033   4.991669    20.2509    36.4035    25.7689    1524.77 0.0000e+00
     62.002   4.991617    20.2509    36.4030    25.7686    1524.77 0.0000e+00
     61.980   4.991579    20.2507    36.4029    25.7686    1524.77 0.0000e+00
     61.949   4.991542    20.2502    36.4031    25.7688    1524.77 0.0000e+00
     61.907   4.991654    20.2504    36.4038    25.7693    1524.77 0.0000e+00
     61.866   4.991781    20.2509    36.4044    25.7697    1524.77 0.0000e+00
     61.843   4.991945    20.2520    36.4048    25.7697    1524.77 0.0000e+00
     61.813   4.992177    20.2534    36.4056    25.7698    1524.77 0.0000e+00
     61.800   4.992491    20.2557    36.4061    25.7697    1524.78 0.0000e+00
     61.771   4.992782    20.2584    36.4062    25.7690    1524.79 0.0000e+00
     61.738   4.992992    20.2607    36.4060    25.7682    1524.79 0.0000e+00
     61.697   4.993126    20.2623    36.4057    25.7675    1524.80 0.0000e+00
     61.676   4.993066    20.2630    36.4046    25.7665    1524.80 0.0000e+00
     61.643   4.992932    20.2637    36.4029    25.7651    1524.80 0.0000e+00
     61.623   4.992842    20.2638    36.4021    25.7644    1524.80 0.0000e+00
     61.602   4.992790    20.2642    36.4013    25.7637    1524.80 0.0000e+00
     61.592   4.992842    20.2647    36.4013    25.7636    1524.80 0.0000e+00
     61.538   4.992954    20.2653    36.4018    25.7637    1524.80 0.0000e+00
     61.528   4.992984    20.2656    36.4017    25.7636    1524.80 0.0000e+00
     61.496   4.993081    20.2663    36.4019    25.7636    1524.80 0.0000e+00
     61.466   4.993141    20.2672    36.4017    25.7632    1524.80 0.0000e+00
     61.443   4.993148    20.2677    36.4013    25.7627    1524.80 0.0000e+00
     61.445   4.993186    20.2685    36.4009    25.7622    1524.81 0.0000e+00
     61.402   4.993133    20.2690    36.4001    25.7615    1524.80 0.0000e+00
     61.370   4.993141    20.2697    36.3995    25.7609    1524.81 0.0000e+00
     61.350   4.993245    20.2704    36.3998    25.7609    1524.81 0.0000e+00
     61.329   4.993372    20.2715    36.3999    25.7606    1524.81 0.0000e+00
     61.319   4.993567    20.2729    36.4003    25.7606    1524.81 0.0000e+00
     61.296   4.993798    20.2746    36.4007    25.7604    1524.82 0.0000e+00
     61.255   4.993993    20.2768    36.4004    25.7596    1524.82 0.0000e+00
     61.245   4.994187    20.2786    36.4005    25.7592    1524.83 0.0000e+00
     61.222   4.994329    20.2799    36.4005    25.7589    1524.83 0.0000e+00
     61.193   4.994456    20.2810    36.4006    25.7587    1524.83 0.0000e+00
     61.170   4.994553    20.2819    36.4007    25.7584    1524.84 0.0000e+00
     61.140   4.994605    20.2829    36.4002    25.7578    1524.84 0.0000e+00
     61.119   4.994770    20.2837    36.4009    25.7581    1524.84 0.0000e+00
     61.096   4.994979    20.2851    36.4014    25.7582    1524.85 0.0000e+00
     61.086   4.995061    20.2863    36.4011    25.7576    1524.85 0.0000e+00
     61.065   4.995136    20.2867    36.4013    25.7577    1524.85 0.0000e+00
     61.013   4.995158    20.2874    36.4009    25.7572    1524.85 0.0000e+00
     61.013   4.995091    20.2871    36.4006    25.7570    1524.85 0.0000e+00
     60.970   4.994949    20.2866    36.3999    25.7566    1524.85 0.0000e+00
     60.972   4.994844    20.2862    36.3994    25.7563    1524.84 0.0000e+00
     60.941   4.994889    20.2859    36.4001    25.7569    1524.84 0.0000e+00
