data/input/seabird/SBE_9_Block026WTransect1.cnv
* Sea-Bird SBE 9 Data File:
* FileName = C:\CTD\SBE-9\Data\Year13\PC-13-02\Block026WTransect1.hex
* Software Version Seasave V 7.21k
* Temperature SN = 4616
* Conductivity SN = 3283
* Number of Bytes Per Scan = 37
* Number of Voltage Words = 4
* Number of Scans Averaged by the Deck Unit = 1
* NMEA Latitude = 26 37.88 N
* NMEA Longitude = 096 32.77 W
* NMEA UTC (Time) = Apr 08 2013  01:46:42
* NMEA baud rate = 4800
** Ship: PISCES
** Cruise: 1302
** Station: Block026WTransect!
** Cast:01
** Latitude: 26 37.8410
** Longitude: 096 32.7832
** SEAMAP Station Number:
** Operators Initials: jrs
** Depth (m) : 91
# nquan = 7                                 
# nvalues = 10155                       
# units = specified
# name 0 = prDM: Pressure, Digiquartz [db]
# name 1 = c0S/m: Conductivity [S/m]
# name 2 = t090C: Temperature [ITS-90, deg C]
# name 3 = sal00: Salinity, Practical [PSU]
# name 4 = sigma-é00: Density [sigma-theta, kg/m^3]
# name 5 = svCM: Sound Velocity [Chen-Millero, m/s]
# name 6 = flag: flag
# span 0 =      2.909,     86.355       
# span 1 =   4.726235,   5.035155       
# span 2 =    19.1640,    20.8507       
# span 3 =    34.5096,    36.4142       
# span 4 =    24.3983,    26.0170       
# span 5 =    1520.79,    1525.92       
# span 6 = 0.0000e+00, 0.0000e+00       
# interval = seconds: 0.0416667
# start_time = Apr 08 2013 01:46:42 [NMEA time, header]
# bad_flag = -9.990e-29
*END*
      3.658   4.729245    19.9551    34.5234    24.4102    1520.88 0.0000e+00
      3.668   4.729259    19.9548    34.5237    24.4105    1520.88 0.0000e+00
      3.699   4.729223    19.9549    34.5233    24.4102    1520.88 0.0000e+00
      3.699   4.729215    19.9548    34.5234    24.4102    1520.88 0.0000e+00
      3.720   4.729245    19.9550    34.5234    24.4102    1520.88 0.0000e+00
      3.752   4.729281    19.9550    34.5237    24.4105    1520.88 0.0000e+00
      3.761   4.729296    19.9551    34.5237    24.4105    1520.88 0.0000e+00
      3.782   4.729296    19.9550    34.5238    24.4106    1520.88 0.0000e+00
      3.792   4.729325    19.9550    34.5241    24.4107    1520.88 0.0000e+00
      3.824   4.729362    19.9551    34.5243    24.4109    1520.88 0.0000e+00
      3.844   4.729347    19.9548    34.5244    24.4110    1520.88 0.0000e+00
      3.844   4.729340    19.9550    34.5242    24.4108    1520.88 0.0000e+00
      3.876   4.729340    19.9548    34.5243    24.4110    1520.88 0.0000e+00
      3.896   4.729332    19.9550    34.5241    24.4107    1520.88 0.0000e+00
      3.907   4.729332    19.9548    34.5242    24.4109    1520.88 0.0000e+00
      3.929   4.729340    19.9550    34.5241    24.4108    1520.88 0.0000e+00
      3.938   4.729362    19.9548    34.5245    24.4111    1520.88 0.0000e+00
      3.960   4.729406    19.9550    34.5247    24.4112    1520.88 0.0000e+00
      3.969   4.729354    19.9548    34.5244    24.4110    1520.88 0.0000e+00
      3.991   4.729398    19.9548    34.5247    24.4113    1520.88 0.0000e+00
      4.002   4.729354    19.9546    34.5245    24.4112    1520.88 0.0000e+00
      4.012   4.729303    19.9548    34.5240    24.4107    1520.88 0.0000e+00
      4.021   4.729296    19.9550    34.5237    24.4105    1520.88 0.0000e+00
      4.031   4.729230    19.9546    34.5235    24.4104    1520.88 0.0000e+00
      4.052   4.729186    19.9548    34.5230    24.4100    1520.88 0.0000e+00
      4.052   4.729113    19.9550    34.5222    24.4093    1520.88 0.0000e+00
      4.064   4.729033    19.9548    34.5217    24.4090    1520.88 0.0000e+00
      4.062   4.728931    19.9547    34.5210    24.4085    1520.88 0.0000e+00
      4.074   4.728865    19.9548    34.5204    24.4080    1520.88 0.0000e+00
      4.083   4.728828    19.9550    34.5199    24.4076    1520.88 0.0000e+00
      4.083   4.728785    19.9548    34.5197    24.4075    1520.88 0.0000e+00
      4.096   4.728711    19.9548    34.5191    24.4070    1520.88 0.0000e+00
      4.083   4.728631    19.9550    34.5183    24.4063    1520.88 0.0000e+00
      4.095   4.728609    19.9548    34.5182    24.4064    1520.88 0.0000e+00
      4.083   4.728587    19.9550    34.5179    24.4061    1520.88 0.0000e+00
      4.095   4.728514    19.9550    34.5173    24.4056    1520.88 0.0000e+00
      4.095   4.728470    19.9551    34.5169    24.4052    1520.88 0.0000e+00
      4.096   4.728397    19.9550    34.5163    24.4049    1520.88 0.0000e+00
      4.095   4.728383    19.9553    34.5160    24.4045    1520.88 0.0000e+00
      4.083   4.728317    19.9553    34.5155    24.4041    1520.88 0.0000e+00
      4.083   4.728390    19.9553    34.5160    24.4046    1520.88 0.0000e+00
      4.083   4.728390    19.9555    34.5159    24.4044    1520.88 0.0000e+00
      4.074   4.728383    19.9553    34.5160    24.4045    1520.88 0.0000e+00
      4.075   4.728383    19.9555    34.5158    24.4043    1520.88 0.0000e+00
      4.062   4.728383    19.9557    34.5157    24.4042    1520.88 0.0000e+00
      4.052   4.728441    19.9557    34.5161    24.4045    1520.88 0.0000e+00
      4.043   4.728426    19.9560    34.5158    24.4042    1520.88 0.0000e+00
      4.031   4.728441    19.9564    34.5156    24.4039    1520.88 0.0000e+00
      4.022   4.728426    19.9565    34.5154    24.4037    1520.88 0.0000e+00
      4.012   4.728448    19.9573    34.5149    24.4032    1520.88 0.0000e+00
      3.991   4.728426    19.9574    34.5147    24.4029    1520.88 0.0000e+00
      3.979   4.728419    19.9577    34.5144    24.4026    1520.88 0.0000e+00
      3.979   4.728353    19.9581    34.5135    24.4019    1520.88 0.0000e+00
      3.948   4.728310    19.9585    34.5128    24.4012    1520.88 0.0000e+00
      3.950   4.728236    19.9587    34.5120    24.4006    1520.88 0.0000e+00
      3.938   4.728244    19.9592    34.5117    24.4002    1520.88 0.0000e+00
      3.907   4.728193    19.9594    34.5111    24.3997    1520.88 0.0000e+00
      3.896   4.728207    19.9596    34.5111    24.3996    1520.88 0.0000e+00
      3.886   4.728185    19.9599    34.5107    24.3992    1520.88 0.0000e+00
      3.855   4.728149    19.9599    34.5104    24.3990    1520.88 0.0000e+00
      3.836   4.728141    19.9604    34.5099    24.3985    1520.88 0.0000e+00
      3.813   4.728163    19.9604    34.5101    24.3987    1520.88 0.0000e+00
      3.803   4.728149    19.9606    34.5098    24.3984    1520.88 0.0000e+00
      3.772   4.728105    19.9604    34.5096    24.3983    1520.88 0.0000e+00
      3.772   4.728127    19.9599    34.5102    24.3989    1520.88 0.0000e+00
      3.730   4.728163    19.9594    34.5109    24.3996    1520.88 0.0000e+00
      3.709   4.728207    19.9589    34.5117    24.4003    1520.88 0.0000e+00
      3.689   4.728185    19.9581    34.5122    24.4009    1520.87 0.0000e+00
      3.668   4.728295    19.9581    34.5131    24.4016    1520.88 0.0000e+00
      3.627   4.728368    19.9578    34.5140    24.4023    1520.88 0.0000e+00
      3.616   4.728470    19.9580    34.5147    24.4028    1520.88 0.0000e+00
      3.574   4.728558    19.9578    34.5156    24.4035    1520.88 0.0000e+00
      3.564   4.728602    19.9574    34.5162    24.4041    1520.88 0.0000e+00
      3.534   4.728616    19.9574    34.5164    24.4042    1520.88 0.0000e+00
      3.502   4.728675    19.9569    34.5173    24.4050    1520.87 0.0000e+00
      3.481   4.728777    19.9571    34.5180    24.4055    1520.88 0.0000e+00
      3.450   4.728718    19.9565    34.5180    24.4057    1520.87 0.0000e+00
      3.429   4.728697    19.9564    34.5179    24.4056    1520.87 0.0000e+00
      3.409   4.728755    19.9562    34.5185    24.4062    1520.87 0.0000e+00
      3.376   4.728748    19.9558    34.5188    24.4065    1520.87 0.0000e+00
      3.367   4.728740    19.9558    34.5188    24.4065    1520.87 0.0000e+00
      3.336   4.728645    19.9555    34.5182    24.4061    1520.87 0.0000e+00
      3.326   4.728528    19.9553    34.5174    24.4056    1520.87 0.0000e+00
      3.293   4.728528    19.9553    34.5175    24.4056    1520.87 0.0000e+00
      3.283   4.728477    19.9551    34.5172    24.4055    1520.87 0.0000e+00
      3.274   4.728463    19.9551    34.5171    24.4054    1520.87 0.0000e+00
      3.251   4.728463    19.9550    34.5172    24.4055    1520.86 0.0000e+00
      3.231   4.728485    19.9550    34.5174    24.4056    1520.86 0.0000e+00
      3.220   4.728558    19.9548    34.5181    24.4062    1520.86 0.0000e+00
      3.222   4.728580    19.9548    34.5183    24.4064    1520.86 0.0000e+00
      3.210   4.728601    19.9545    34.5187    24.4068    1520.86 0.0000e+00
      3.200   4.728696    19.9548    34.5193    24.4071    1520.87 0.0000e+00
      3.200   4.728704    19.9550    34.5192    24.4070    1520.87 0.0000e+00
      3.200   4.728784    19.9548    34.5200    24.4077    1520.87 0.0000e+00
      3.200   4.728784    19.9548    34.5200    24.4077    1520.87 0.0000e+00
      3.200   4.728835    19.9548    34.5204    24.4080    1520.87 0.0000e+00
      3.200   4.728886    19.9550    34.5207    24.4081    1520.87 0.0000e+00
      3.210   4.728989    19.9548    34.5217    24.4089    1520.87 0.0000e+00
      3.210   4.729040    19.9548    34.5221    24.4093    1520.87 0.0000e+00
      3.220   4.729025    19.9548    34.5220    24.4092    1520.87 0.0000e+00
      3.231   4.729106    19.9550    34.5225    24.4095    1520.87 0.0000e+00
      3.241   4.729135    19.9548    34.5229    24.4098    1520.87 0.0000e+00
      3.241   4.729135    19.9551    34.5226    24.4096    1520.87 0.0000e+00
      3.272   4.729193    19.9550    34.5232    24.4100    1520.87 0.0000e+00
      3.262   4.729215    19.9550    34.5233    24.4102    1520.87 0.0000e+00
      3.293   4.729244    19.9548    34.5237    24.4105    1520.87 0.0000e+00
      3.303   4.729318    19.9550    34.5242    24.4108    1520.87 0.0000e+00
      3.324   4.729303    19.9550    34.5240    24.4107    1520.87 0.0000e+00
      3.336   4.729325    19.9548    34.5244    24.4110    1520.87 0.0000e+00
      3.355   4.729296    19.9551    34.5239    24.4106    1520.87 0.0000e+00
      3.367   4.729325    19.9550    34.5242    24.4108    1520.87 0.0000e+00
      3.398   4.729339    19.9550    34.5243    24.4109    1520.88 0.0000e+00
      3.409   4.729398    19.9550    34.5248    24.4113    1520.88 0.0000e+00
      3.438   4.729354    19.9548    34.5246    24.4112    1520.88 0.0000e+00
      3.450   4.729361    19.9548    34.5246    24.4112    1520.88 0.0000e+00
      3.460   4.729376    19.9549    34.5247    24.4112    1520.88 0.0000e+00
      3.492   4.729405    19.9548    34.5250    24.4115    1520.88 0.0000e+00
      3.512   4.729420    19.9548    34.5251    24.4116    1520.88 0.0000e+00
      3.522   4.729442    19.9550    34.5251    24.4115    1520.88 0.0000e+00
      3.554   4.729456    19.9548    34.5254    24.4118    1520.88 0.0000e+00
      3.565   4.729427    19.9548    34.5251    24.4116    1520.88 0.0000e+00
      3.585   4.729478    19.9548    34.5255    24.4119    1520.88 0.0000e+00
      3.616   4.729464    19.9548    34.5254    24.4118    1520.88 0.0000e+00
      3.616   4.729456    19.9546    34.5255    24.4119    1520.88 0.0000e+00
      3.637   4.729457    19.9546    34.5255    24.4119    1520.88 0.0000e+00
      3.668   4.729486    19.9548    34.5256    24.4119    1520.88 0.0000e+00
      3.678   4.729500    19.9546    34.5259    24.4122    1520.88 0.0000e+00
      3.689   4.729500    19.9544    34.5260    24.4124    1520.88 0.0000e+00
      3.709   4.729500    19.9546    34.5258    24.4122    1520.88 0.0000e+00
      3.731   4.729500    19.9546    34.5258    24.4122    1520.88 0.0000e+00
      3.751   4.729522    19.9546    34.5260    24.4123    1520.88 0.0000e+00
      3.751   4.729530    19.9544    34.5262    24.4126    1520.88 0.0000e+00
      3.782   4.729530    19.9544    34.5262    24.4125    1520.88 0.0000e+00
      3.782   4.729354    19.9546    34.5246    24.4113    1520.88 0.0000e+00
      3.814   4.729113    19.9546    34.5226    24.4098    1520.88 0.0000e+00
      3.813   4.728996    19.9546    34.5217    24.4090    1520.88 0.0000e+00
      3.834   4.728945    19.9546    34.5213    24.4087    1520.88 0.0000e+00
      3.834   4.729084    19.9544    34.5226    24.4097    1520.88 0.0000e+00
      3.855   4.729252    19.9544    34.5239    24.4108    1520.88 0.0000e+00
      3.867   4.729142    19.9546    34.5229    24.4099    1520.88 0.0000e+00
      3.876   4.728974    19.9548    34.5213    24.4087    1520.88 0.0000e+00
      3.886   4.728814    19.9549    34.5199    24.4076    1520.88 0.0000e+00
      3.896   4.728806    19.9548    34.5199    24.4076    1520.88 0.0000e+00
      3.907   4.728784    19.9551    34.5195    24.4072    1520.88 0.0000e+00
      3.909   4.728836    19.9550    34.5200    24.4076    1520.88 0.0000e+00
      3.917   4.728974    19.9551    34.5211    24.4084    1520.88 0.0000e+00
      3.917   4.729164    19.9546    34.5230    24.4101    1520.88 0.0000e+00
      3.938   4.729303    19.9550    34.5238    24.4106    1520.88 0.0000e+00
      3.938   4.729274    19.9548    34.5237    24.4106    1520.88 0.0000e+00
      3.950   4.729281    19.9550    34.5236    24.4104    1520.88 0.0000e+00
      3.938   4.729318    19.9548    34.5241    24.4108    1520.88 0.0000e+00
      3.960   4.729398    19.9551    34.5245    24.4111    1520.88 0.0000e+00
      3.938   4.729508    19.9548    34.5257    24.4120    1520.89 0.0000e+00
      3.960   4.729508    19.9548    34.5257    24.4120    1520.89 0.0000e+00
      3.960   4.729500    19.9550    34.5254    24.4118    1520.89 0.0000e+00
      3.960   4.729588    19.9550    34.5261    24.4123    1520.89 0.0000e+00
      3.969   4.729581    19.9548    34.5263    24.4125    1520.89 0.0000e+00
      3.960   4.729574    19.9551    34.5260    24.4122    1520.89 0.0000e+00
      3.969   4.729603    19.9550    34.5263    24.4124    1520.89 0.0000e+00
      3.969   4.729581    19.9551    34.5260    24.4122    1520.89 0.0000e+00
      3.960   4.729632    19.9550    34.5265    24.4126    1520.89 0.0000e+00
      3.960   4.729625    19.9550    34.5264    24.4126    1520.89 0.0000e+00
      3.969   4.729552    19.9551    34.5258    24.4120    1520.89 0.0000e+00
      3.960   4.729595    19.9551    34.5261    24.4123    1520.89 0.0000e+00
      3.969   4.729639    19.9550    34.5266    24.4127    1520.89 0.0000e+00
      3.960   4.729566    19.9550    34.5260    24.4122    1520.89 0.0000e+00
      3.950   4.729654    19.9552    34.5265    24.4126    1520.89 0.0000e+00
      3.960   4.729720    19.9548    34.5274    24.4133    1520.89 0.0000e+00
      3.948   4.729705    19.9548    34.5273    24.4132    1520.89 0.0000e+00
      3.938   4.729698    19.9550    34.5271    24.4130    1520.89 0.0000e+00
      3.948   4.729720    19.9550    34.5272    24.4132    1520.89 0.0000e+00
      3.940   4.729764    19.9550    34.5276    24.4134    1520.89 0.0000e+00
      3.938   4.729712    19.9548    34.5273    24.4133    1520.89 0.0000e+00
      3.938   4.729785    19.9551    34.5277    24.4135    1520.89 0.0000e+00
      3.927   4.729778    19.9548    34.5279    24.4137    1520.89 0.0000e+00
      3.938   4.729742    19.9550    34.5274    24.4133    1520.89 0.0000e+00
      3.919   4.729764    19.9550    34.5276    24.4134    1520.89 0.0000e+00
      3.927   4.729837    19.9548    34.5284    24.4141    1520.89 0.0000e+00
      3.917   4.729880    19.9550    34.5286    24.4142    1520.89 0.0000e+00
      3.917   4.729829    19.9550    34.5281    24.4138    1520.89 0.0000e+00
      3.907   4.729785    19.9550    34.5278    24.4136    1520.89 0.0000e+00
      3.909   4.729800    19.9548    34.5281    24.4138    1520.89 0.0000e+00
      3.896   4.729749    19.9550    34.5275    24.4134    1520.89 0.0000e+00
      3.907   4.729764    19.9551    34.5275    24.4134    1520.89 0.0000e+00
      3.896   4.729778    19.9550    34.5277    24.4135    1520.89 0.0000e+00
      3.886   4.729800    19.9550    34.5279    24.4137    1520.89 0.0000e+00
      3.886   4.729749    19.9548    34.5277    24.4135    1520.89 0.0000e+00
      3.898   4.729822    19.9548    34.5282    24.4140    1520.89 0.0000e+00
      3.876   4.729822    19.9550    34.5281    24.4138    1520.89 0.0000e+00
      3.876   4.729873    19.9551    34.5284    24.4140    1520.89 0.0000e+00
      3.876   4.729866    19.9548    34.5286    24.4143    1520.89 0.0000e+00
      3.865   4.729858    19.9549    34.5285    24.4141    1520.89 0.0000e+00
      3.876   4.729858    19.9548    34.5286    24.4142    1520.89 0.0000e+00
      3.855   4.729880    19.9548    34.5287    24.4144    1520.89 0.0000e+00
      3.865   4.729829    19.9550    34.5282    24.4139    1520.89 0.0000e+00
      3.844   4.729844    19.9550    34.5283    24.4140    1520.89 0.0000e+00
      3.855   4.729822    19.9551    34.5280    24.4137    1520.89 0.0000e+00
      3.836   4.729815    19.9548    34.5282    24.4140    1520.89 0.0000e+00
      3.855   4.729873    19.9550    34.5285    24.4141    1520.89 0.0000e+00
      3.824   4.729924    19.9550    34.5289    24.4145    1520.89 0.0000e+00
      3.824   4.729902    19.9550    34.5288    24.4143    1520.89 0.0000e+00
      3.824   4.729829    19.9551    34.5281    24.4138    1520.89 0.0000e+00
      3.814   4.729844    19.9550    34.5283    24.4140    1520.89 0.0000e+00
      3.803   4.729822    19.9550    34.5281    24.4138    1520.89 0.0000e+00
      3.803   4.729844    19.9550    34.5283    24.4140    1520.89 0.0000e+00
