data/input/seabird/SBE_9_Block026WTransect1.cnv
* Sea-Bird SBE 9 Data File:
* FileName = C:\CTD\SBE-9\Data\Year13\PC-13-02\Block026WTransect1.hex
* Software Version Seasave V 7.21k
* Temperature SN = 4616
* Conductivity SN = 3283
* Number of Bytes Per Scan = 37
* Number of Voltage Words = 4
* Number of Scans Averaged by the Deck Unit = 1
* NMEA Latitude = 26 37.88 N
* NMEA Longitude = 096 32.77 W
* NMEA UTC (Time) = Apr 08 2013  01:46:42
* NMEA baud rate = 4800
** Ship: PISCES
** Cruise: 1302
** Station: Block026WTransect!
** Cast:01
** Latitude: 26 37.8410
** Longitude: 096 32.7832
** SEAMAP Station Number:
** Operators Initials: jrs
** Depth (m) : 91
# nquan = 7                                 
# nvalues = 10155                       
# units = specified
# name 0 = prDM: Pressure, Digiquartz [db]
# name 1 = c0S/m: Conductivity [S/m]
# name 2 = t090C: Temperature [ITS-90, deg C]
# name 3 = sal00: Salinity, Practical [PSU]
# name 4 = sigma-é00: Density [sigma-theta, kg/m^3]
# name 5 = svCM: Sound Velocity [Chen-Millero, m/s]
# name 6 = flag: flag
# span 0 =      2.909,     86.355       
# span 1 =   4.726235,   5.035155       
# span 2 =    19.1640,    20.8507       
# span 3 =    34.5096,    36.4142       
# span 4 =    24.3983,    26.0170       
# span 5 =    1520.79,    1525.92       
# span 6 = 0.0000e+00, 0.0000e+00       
# interval = seconds: 0.0416667
# start_time = Apr 08 2013 01:46:42 [NMEA time, header]
# bad_flag = -9.990e-29
*END*
[from data line 9642]
      8.361   4.864776    20.3543    35.2978    24.8952    1522.92 0.0000e+00
      8.347   4.864710    20.3540    35.2975    24.8951    1522.92 0.0000e+00
      8.342   4.864665    20.3537    35.2974    24.8951    1522.92 0.0000e+00
      8.321   4.864658    20.3530    35.2979    24.8957    1522.92 0.0000e+00
      8.305   4.864680    20.3529    35.2982    24.8959    1522.92 0.0000e+00
      8.290   4.864783    20.3534    35.2986    24.8961    1522.92 0.0000e+00
      8.278   4.864820    20.3537    35.2987    24.8961    1522.92 0.0000e+00
      8.278   4.864724    20.3537    35.2979    24.8955    1522.92 0.0000e+00
      8.253   4.864628    20.3537    35.2971    24.8949    1522.92 0.0000e+00
      8.237   4.864547    20.3533    35.2968    24.8947    1522.92 0.0000e+00
      8.226   4.864502    20.3525    35.2971    24.8952    1522.92 0.0000e+00
      8.202   4.864399    20.3526    35.2962    24.8945    1522.91 0.0000e+00
      8.206   4.864244    20.3516    35.2957    24.8944    1522.91 0.0000e+00
      8.174   4.863800    20.3507    35.2929    24.8925    1522.90 0.0000e+00
      8.170   4.862655    20.3476    35.2862    24.8881    1522.89 0.0000e+00
      8.154   4.861561    20.3409    35.2828    24.8874    1522.87 0.0000e+00
      8.154   4.860570    20.3361    35.2788    24.8856    1522.85 0.0000e+00
      8.139   4.859314    20.3283    35.2751    24.8848    1522.82 0.0000e+00
      8.133   4.858524    20.3261    35.2705    24.8819    1522.81 0.0000e+00
      8.112   4.858642    20.3285    35.2694    24.8805    1522.82 0.0000e+00
      8.112   4.859329    20.3299    35.2739    24.8835    1522.83 0.0000e+00
      8.098   4.859913    20.3311    35.2776    24.8860    1522.83 0.0000e+00
      8.091   4.860134    20.3311    35.2794    24.8874    1522.83 0.0000e+00
      8.071   4.860038    20.3276    35.2816    24.8900    1522.83 0.0000e+00
      8.077   4.858317    20.3249    35.2698    24.8817    1522.81 0.0000e+00
      8.071   4.850237    20.2932    35.2304    24.8601    1522.68 0.0000e+00
      8.050   4.838680    20.2403    35.1802    24.8360    1522.47 0.0000e+00
      8.050   4.831594    20.2070    35.1502    24.8219    1522.35 0.0000e+00
      8.035   4.829354    20.1928    35.1437    24.8207    1522.30 0.0000e+00
      8.029   4.828853    20.1864    35.1450    24.8234    1522.29 0.0000e+00
      8.029   4.829789    20.1864    35.1526    24.8292    1522.29 0.0000e+00
      8.015   4.833091    20.2027    35.1660    24.8351    1522.35 0.0000e+00
      8.008   4.834558    20.2103    35.1716    24.8374    1522.38 0.0000e+00
      7.998   4.833342    20.2077    35.1639    24.8322    1522.36 0.0000e+00
      7.998   4.831513    20.2016    35.1540    24.8263    1522.34 0.0000e+00
      7.994   4.828948    20.1900    35.1427    24.8207    1522.29 0.0000e+00
      7.977   4.826870    20.1793    35.1347    24.8174    1522.25 0.0000e+00
      7.977   4.824903    20.1714    35.1252    24.8123    1522.22 0.0000e+00
      7.973   4.822355    20.1596    35.1142    24.8071    1522.18 0.0000e+00
      7.967   4.820403    20.1491    35.1070    24.8043    1522.14 0.0000e+00
      7.967   4.819799    20.1447    35.1058    24.8045    1522.13 0.0000e+00
      7.946   4.821110    20.1486    35.1132    24.8092    1522.14 0.0000e+00
      7.951   4.824027    20.1645    35.1238    24.8131    1522.20 0.0000e+00
      7.946   4.826067    20.1744    35.1322    24.8169    1522.24 0.0000e+00
      7.925   4.827725    20.1818    35.1396    24.8205    1522.27 0.0000e+00
      7.946   4.830209    20.1921    35.1513    24.8267    1522.31 0.0000e+00
      7.932   4.832273    20.1995    35.1620    24.8329    1522.34 0.0000e+00
      7.925   4.834529    20.2125    35.1696    24.8352    1522.38 0.0000e+00
      7.915   4.834204    20.2137    35.1659    24.8321    1522.38 0.0000e+00
      7.911   4.831830    20.2029    35.1556    24.8271    1522.34 0.0000e+00
      7.904   4.829641    20.1940    35.1451    24.8215    1522.30 0.0000e+00
      7.904   4.831904    20.1933    35.1642    24.8362    1522.32 0.0000e+00
      7.894   4.842480    20.2316    35.2186    24.8675    1522.49 0.0000e+00
      7.889   4.852556    20.2708    35.2681    24.8948    1522.65 0.0000e+00
      7.884   4.856544    20.2920    35.2829    24.9005    1522.73 0.0000e+00
      7.884   4.858768    20.3142    35.2825    24.8942    1522.79 0.0000e+00
      7.863   4.860533    20.3306    35.2832    24.8904    1522.83 0.0000e+00
      7.868   4.861029    20.3352    35.2834    24.8893    1522.85 0.0000e+00
      7.851   4.861331    20.3382    35.2833    24.8885    1522.85 0.0000e+00
      7.842   4.861886    20.3395    35.2868    24.8908    1522.86 0.0000e+00
      7.827   4.862898    20.3446    35.2908    24.8924    1522.88 0.0000e+00
      7.832   4.863771    20.3493    35.2939    24.8936    1522.90 0.0000e+00
      7.811   4.864207    20.3513    35.2958    24.8945    1522.90 0.0000e+00
      7.811   4.864406    20.3530    35.2960    24.8942    1522.91 0.0000e+00
      7.806   4.864569    20.3541    35.2964    24.8942    1522.91 0.0000e+00
      7.799   4.864731    20.3557    35.2964    24.8938    1522.92 0.0000e+00
      7.780   4.864924    20.3567    35.2972    24.8941    1522.92 0.0000e+00
      7.780   4.865064    20.3571    35.2980    24.8946    1522.92 0.0000e+00
      7.764   4.865160    20.3576    35.2984    24.8948    1522.92 0.0000e+00
      7.768   4.865182    20.3578    35.2984    24.8947    1522.92 0.0000e+00
      7.747   4.865212    20.3580    35.2984    24.8947    1522.92 0.0000e+00
      7.737   4.865190    20.3574    35.2988    24.8951    1522.92 0.0000e+00
      7.723   4.865153    20.3571    35.2987    24.8952    1522.92 0.0000e+00
      7.716   4.865145    20.3570    35.2987    24.8952    1522.92 0.0000e+00
      7.706   4.865145    20.3573    35.2985    24.8949    1522.92 0.0000e+00
      7.696   4.865234    20.3577    35.2989    24.8951    1522.92 0.0000e+00
      7.671   4.865330    20.3580    35.2994    24.8955    1522.92 0.0000e+00
      7.675   4.865315    20.3578    35.2995    24.8956    1522.92 0.0000e+00
      7.644   4.865338    20.3580    35.2995    24.8955    1522.92 0.0000e+00
      7.644   4.865352    20.3581    35.2995    24.8955    1522.92 0.0000e+00
      7.629   4.865375    20.3580    35.2998    24.8958    1522.92 0.0000e+00
      7.602   4.865020    20.3587    35.2964    24.8929    1522.92 0.0000e+00
      7.592   4.863053    20.3590    35.2801    24.8804    1522.90 0.0000e+00
      7.581   4.862381    20.3589    35.2747    24.8764    1522.90 0.0000e+00
      7.560   4.863689    20.3591    35.2852    24.8843    1522.91 0.0000e+00
      7.546   4.864731    20.3587    35.2940    24.8911    1522.92 0.0000e+00
      7.529   4.865153    20.3589    35.2973    24.8936    1522.92 0.0000e+00
      7.498   4.865227    20.3580    35.2987    24.8949    1522.92 0.0000e+00
      7.488   4.865160    20.3577    35.2984    24.8947    1522.92 0.0000e+00
      7.474   4.862868    20.3547    35.2822    24.8832    1522.89 0.0000e+00
      7.446   4.851831    20.3229    35.2188    24.8434    1522.73 0.0000e+00
      7.436   4.839248    20.2789    35.1529    24.8048    1522.54 0.0000e+00
      7.405   4.832685    20.2497    35.1237    24.7903    1522.43 0.0000e+00
      7.384   4.834071    20.2449    35.1390    24.8033    1522.43 0.0000e+00
      7.379   4.837153    20.2594    35.1521    24.8094    1522.48 0.0000e+00
      7.353   4.835966    20.2596    35.1423    24.8018    1522.47 0.0000e+00
      7.322   4.833621    20.2494    35.1316    24.7965    1522.43 0.0000e+00
      7.322   4.835899    20.2438    35.1549    24.8157    1522.44 0.0000e+00
      7.289   4.839617    20.2502    35.1799    24.8331    1522.49 0.0000e+00
      7.275   4.829766    20.2371    35.1104    24.7836    1522.37 0.0000e+00
      7.248   4.810273    20.1760    35.0021    24.7172    1522.08 0.0000e+00
      7.237   4.795801    20.1299    34.9222    24.6684    1521.87 0.0000e+00
      7.217   4.788668    20.1112    34.8794    24.6407    1521.77 0.0000e+00
      7.185   4.787008    20.1007    34.8745    24.6398    1521.73 0.0000e+00
      7.172   4.787273    20.0941    34.8822    24.6474    1521.72 0.0000e+00
      7.154   4.787714    20.0933    34.8864    24.6508    1521.73 0.0000e+00
      7.134   4.787288    20.0898    34.8859    24.6513    1521.71 0.0000e+00
      7.113   4.788602    20.0940    34.8931    24.6558    1521.73 0.0000e+00
      7.092   4.792583    20.1081    34.9140    24.6679    1521.80 0.0000e+00
      7.078   4.799881    20.1284    34.9568    24.6952    1521.90 0.0000e+00
      7.050   4.805793    20.1627    34.9767    24.7013    1522.02 0.0000e+00
      7.050   4.806837    20.1665    34.9820    24.7044    1522.03 0.0000e+00
      7.019   4.806330    20.1588    34.9843    24.7081    1522.01 0.0000e+00
      6.998   4.805366    20.1494    34.9842    24.7106    1521.99 0.0000e+00
      6.998   4.804278    20.1313    34.9904    24.7200    1521.94 0.0000e+00
      6.964   4.799095    20.0990    34.9748    24.7168    1521.84 0.0000e+00
      6.957   4.789858    20.0645    34.9279    24.6901    1521.69 0.0000e+00
      6.947   4.784079    20.0479    34.8944    24.6689    1521.61 0.0000e+00
      6.926   4.784601    20.0536    34.8940    24.6671    1521.62 0.0000e+00
      6.905   4.787214    20.0683    34.9032    24.6702    1521.67 0.0000e+00
      6.895   4.790159    20.0776    34.9195    24.6802    1521.71 0.0000e+00
      6.883   4.792914    20.0871    34.9342    24.6889    1521.76 0.0000e+00
      6.859   4.794538    20.0859    34.9485    24.7001    1521.77 0.0000e+00
      6.852   4.794589    20.0859    34.9489    24.7004    1521.77 0.0000e+00
      6.843   4.791371    20.0852    34.9232    24.6810    1521.74 0.0000e+00
      6.831   4.789293    20.0757    34.9141    24.6765    1521.70 0.0000e+00
      6.810   4.787838    20.0772    34.9009    24.6661    1521.69 0.0000e+00
      6.790   4.778662    20.0688    34.8328    24.6164    1521.59 0.0000e+00
      6.800   4.768533    20.0352    34.7778    24.5833    1521.44 0.0000e+00
      6.767   4.766290    20.0180    34.7737    24.5847    1521.38 0.0000e+00
      6.769   4.769032    20.0194    34.7949    24.6005    1521.41 0.0000e+00
      6.748   4.771525    20.0241    34.8115    24.6119    1521.44 0.0000e+00
      6.748   4.772325    20.0275    34.8152    24.6139    1521.46 0.0000e+00
      6.738   4.771027    20.0265    34.8054    24.6066    1521.44 0.0000e+00
      6.717   4.769179    20.0158    34.7991    24.6047    1521.41 0.0000e+00
      6.717   4.771232    20.0220    34.8108    24.6120    1521.44 0.0000e+00
      6.703   4.774686    20.0325    34.8304    24.6241    1521.49 0.0000e+00
      6.696   4.777276    20.0388    34.8464    24.6347    1521.52 0.0000e+00
      6.686   4.781782    20.0474    34.8761    24.6551    1521.58 0.0000e+00
      6.675   4.784593    20.0559    34.8921    24.6650    1521.62 0.0000e+00
      6.686   4.784160    20.0645    34.8814    24.6546    1521.63 0.0000e+00
      6.655   4.784329    20.0745    34.8745    24.6467    1521.65 0.0000e+00
      6.665   4.779125    20.0611    34.8430    24.6262    1521.58 0.0000e+00
      6.644   4.768270    20.0249    34.7842    24.5909    1521.41 0.0000e+00
      6.651   4.759271    19.9958    34.7346    24.5607    1521.28 0.0000e+00
      6.644   4.754202    19.9850    34.7020    24.5387    1521.21 0.0000e+00
      6.634   4.751289    19.9764    34.6853    24.5282    1521.17 0.0000e+00
      6.634   4.750110    19.9679    34.6826    24.5284    1521.14 0.0000e+00
      6.634   4.750418    19.9604    34.6913    24.5370    1521.13 0.0000e+00
      6.624   4.750403    19.9578    34.6934    24.5393    1521.13 0.0000e+00
      6.624   4.749188    19.9564    34.6846    24.5329    1521.11 0.0000e+00
      6.624   4.748581    19.9543    34.6813    24.5310    1521.10 0.0000e+00
      6.620   4.749334    19.9535    34.6882    24.5364    1521.11 0.0000e+00
      6.624   4.749942    19.9550    34.6919    24.5389    1521.12 0.0000e+00
      6.613   4.749547    19.9555    34.6882    24.5360    1521.11 0.0000e+00
      6.603   4.749071    19.9548    34.6849    24.5336    1521.11 0.0000e+00
      6.613   4.749071    19.9562    34.6838    24.5324    1521.11 0.0000e+00
      6.603   4.749005    19.9565    34.6830    24.5317    1521.11 0.0000e+00
      6.603   4.748727    19.9564    34.6808    24.5300    1521.11 0.0000e+00
      6.603   4.748507    19.9546    34.6805    24.5303    1521.10 0.0000e+00
      6.599   4.748215    19.9539    34.6787    24.5291    1521.10 0.0000e+00
      6.592   4.748083    19.9528    34.6785    24.5292    1521.09 0.0000e+00
      6.592   4.747995    19.9550    34.6760    24.5267    1521.10 0.0000e+00
      6.592   4.747819    19.9565    34.6733    24.5243    1521.10 0.0000e+00
      6.582   4.747688    19.9556    34.6729    24.5243    1521.10 0.0000e+00
      6.572   4.747197    19.9555    34.6690    24.5213    1521.09 0.0000e+00
      6.582   4.746356    19.9534    34.6639    24.5179    1521.08 0.0000e+00
      6.572   4.745361    19.9507    34.6579    24.5141    1521.07 0.0000e+00
      6.572   4.744183    19.9477    34.6508    24.5094    1521.05 0.0000e+00
      6.558   4.743642    19.9461    34.6476    24.5075    1521.04 0.0000e+00
      6.551   4.743985    19.9461    34.6505    24.5096    1521.04 0.0000e+00
      6.551   4.744688    19.9474    34.6551    24.5128    1521.05 0.0000e+00
      6.540   4.744944    19.9477    34.6570    24.5142    1521.06 0.0000e+00
      6.540   4.744512    19.9474    34.6537    24.5118    1521.05 0.0000e+00
      6.530   4.744205    19.9472    34.6514    24.5100    1521.05 0.0000e+00
      6.520   4.744797    19.9489    34.6548    24.5122    1521.06 0.0000e+00
      6.520   4.746480    19.9525    34.6656    24.5195    1521.08 0.0000e+00
      6.506   4.748244    19.9553    34.6778    24.5280    1521.10 0.0000e+00
      6.499   4.748742    19.9564    34.6810    24.5302    1521.11 0.0000e+00
      6.499   4.748193    19.9553    34.6774    24.5277    1521.10 0.0000e+00
      6.478   4.748800    19.9571    34.6809    24.5299    1521.11 0.0000e+00
      6.478   4.750952    19.9650    34.6920    24.5363    1521.14 0.0000e+00
      6.468   4.751882    19.9675    34.6975    24.5399    1521.15 0.0000e+00
      6.457   4.752372    19.9677    34.7014    24.5428    1521.16 0.0000e+00
      6.437   4.753697    19.9719    34.7088    24.5473    1521.18 0.0000e+00
      6.437   4.755850    19.9771    34.7221    24.5561    1521.21 0.0000e+00
      6.426   4.758018    19.9789    34.7384    24.5680    1521.23 0.0000e+00
      6.413   4.759285    19.9822    34.7460    24.5730    1521.25 0.0000e+00
      6.395   4.759630    19.9863    34.7455    24.5715    1521.26 0.0000e+00
      6.385   4.759271    19.9879    34.7412    24.5678    1521.26 0.0000e+00
      6.373   4.759644    19.9900    34.7425    24.5683    1521.27 0.0000e+00
      6.352   4.760325    19.9907    34.7475    24.5719    1521.27 0.0000e+00
      6.342   4.760201    19.9883    34.7485    24.5733    1521.27 0.0000e+00
      6.333   4.759490    19.9842    34.7461    24.5725    1521.25 0.0000e+00
      6.311   4.758157    19.9813    34.7376    24.5668    1521.24 0.0000e+00
      6.290   4.753836    19.9741    34.7081    24.5462    1521.18 0.0000e+00
      6.280   4.749685    19.9666    34.6803    24.5270    1521.13 0.0000e+00
      6.259   4.751237    19.9689    34.6912    24.5346    1521.15 0.0000e+00
      6.245   4.754913    19.9721    34.7186    24.5548    1521.19 0.0000e+00
      6.228   4.757893    19.9769    34.7391    24.5691    1521.22 0.0000e+00
      6.207   4.760384    19.9848    34.7530    24.5776    1521.26 0.0000e+00
      6.197   4.761981    19.9926    34.7596    24.5806    1521.29 0.0000e+00
      6.176   4.759974    19.9895    34.7457    24.5708    1521.26 0.0000e+00
      6.155   4.755213    19.9778    34.7164    24.5516    1521.20 0.0000e+00
