data/input/seabird/stn_003.cnv
* Sea-Bird SBE 9 Data File:
* FileName = D:\SBE Data\Current\CEND_24_16\stn_003.hex
* Software Version Seasave V 7.23.2
* Temperature SN = 5558
* Conductivity SN = 4499
* Number of Bytes Per Scan = 37
* Number of Voltage Words = 4
* Number of Scans Averaged by the Deck Unit = 1
* NMEA Latitude = 53 31.77 N
* NMEA Longitude = 001 02.83 E
* NMEA UTC (Time) = Nov 12 2016 19:14:29
* NMEA baud rate = 4800
** Cruise: CEND_24_16
** Station: 003
** Site: Dowsing
** Operator: Tom Hull
** Pre recovery
# nquan = 25
# nvalues = 13129                                 
# units = specified
# name 0 = scan: Scan Count
# name 1 = timeS: Time, Elapsed [seconds]
# name 2 = c0S/m: Conductivity [S/m]
# name 3 = c1S/m: Conductivity, 2 [S/m]
# name 4 = t090C: Temperature [ITS-90, deg C]
# name 5 = t190C: Temperature, 2 [ITS-90, deg C]
# name 6 = prDM: Pressure, Digiquartz [db]
# name 7 = depSM: Depth [salt water, m]
# name 8 = altM: Altimeter [m]
# name 9 = sal00: Salinity, Practical [PSU]
# name 10 = sal11: Salinity, Practical, 2 [PSU]
# name 11 = secS-priS: Salinity, Practical, Difference, 2 - 1 [PSU]
# name 12 = seaTurbMtr: Turbidity, Seapoint [FTU]
# name 13 = flSP: Fluorescence, Seapoint
# name 14 = v0: Voltage 0
# name 15 = v1: Voltage 1
# name 16 = v2: Voltage 2
# name 17 = v3: Voltage 3
# name 18 = v4: Voltage 4
# name 19 = v5: Voltage 5
# name 20 = v6: Voltage 6
# name 21 = v7: Voltage 7
# name 22 = pumps: Pump Status
# name 23 = sfdSM: Seafloor depth [salt water, m]
# name 24 = flag:  0.000e+00
# span 0 =          1,      13129                 
# span 1 =      0.000,    547.000                 
# span 2 =   0.000479,   3.824035                 
# span 3 =   0.011475,   3.824185                 
# span 4 =     9.5508,    10.7663                 
# span 5 =     9.4004,    10.7662                 
# span 6 =     -0.504,     19.784                 
# span 7 =     -0.500,     19.607                 
# span 8 =       0.00,     100.00                 
# span 9 =     0.0067,    34.4121                 
# span 10 =     0.0775,    34.4446                
# span 11 =   -28.8243,    29.5171                
# span 12 =      6.734,     24.927                
# span 13 = 7.6923e-02, 1.4542e+00                
# span 14 =     0.0000,     0.7228                
# span 15 =     0.0000,     5.0000                
# span 16 =     0.0256,     0.4847                
# span 17 =     1.3468,     4.9853                
# span 18 =     1.4701,     1.5043                
# span 19 =     0.9976,     1.0830                
# span 20 =     2.1734,     2.2173                
# span 21 =     1.6349,     1.7570                
# span 22 =          0,          1                
# span 23 =     -0.355,     99.761                
# span 24 = 0.0000e+00, 0.0000e+00                
# interval = seconds: 0.0416667
# start_time = Nov 12 2016 19:14:29 [NMEA time, header]
# bad_flag = -9.990e-29
*END*
[from data line 522]
        523     21.750   0.000732   0.012347     9.6823     9.5594     -0.265     -0.263      98.53     0.0082     0.0832     0.0750     16.551 1.0989e-01     0.0012     4.9267     0.0366     3.3101     1.4835     1.0012     2.1770     1.6361          0     98.272  0.000e+00
        524     21.792   0.000729   0.012442     9.6822     9.5595     -0.283     -0.281      98.53     0.0081     0.0838     0.0757     16.398 1.0989e-01     0.0000     4.9267     0.0366     3.2796     1.4835     1.0012     2.1770     1.6361          0     98.254  0.000e+00
        525     21.833   0.000756   0.012587     9.6820     9.5592     -0.265     -0.263      98.53     0.0083     0.0848     0.0765     16.099 1.0989e-01     0.0012     4.9267     0.0366     3.2198     1.4835     1.0012     2.1770     1.6361          0     98.272  0.000e+00
        526     21.875   0.000836   0.012217     9.6822     9.5594     -0.297     -0.294      98.53     0.0087     0.0823     0.0736     15.806 1.0989e-01     0.0012     4.9267     0.0366     3.1612     1.4823     1.0012     2.1770     1.6361          0     98.240  0.000e+00
        527     21.917   0.000910   0.012276     9.6819     9.5592     -0.265     -0.263      98.53     0.0091     0.0827     0.0736     15.617 1.0989e-01     0.0012     4.9267     0.0366     3.1233     1.4835     1.0012     2.1770     1.6361          0     98.272  0.000e+00
        528     21.958   0.000945   0.012220     9.6818     9.5592     -0.265     -0.263      98.53     0.0093     0.0823     0.0730     15.403 1.0989e-01     0.0012     4.9267     0.0366     3.0806     1.4835     1.0012     2.1770     1.6361          0     98.272  0.000e+00
        529     22.000   0.000877   0.012111     9.6820     9.5594     -0.333     -0.330      98.53     0.0090     0.0816     0.0726     15.269 1.0989e-01     0.0012     4.9267     0.0366     3.0537     1.4835     1.0012     2.1770     1.6361          0     98.205  0.000e+00
        530     22.042   0.000845   0.012451     9.6817     9.5590     -0.283     -0.281      98.51     0.0088     0.0839     0.0751     15.195 1.0989e-01     0.0012     4.9255     0.0366     3.0391     1.4835     1.0012     2.1770     1.6361          0     98.230  0.000e+00
        531     22.083   0.000788   0.012111     9.6815     9.5589     -0.265     -0.263      98.53     0.0085     0.0816     0.0731     15.085 1.1355e-01     0.0012     4.9267     0.0379     3.0171     1.4835     1.0012     2.1770     1.6361          0     98.272  0.000e+00
        532     22.125   0.000729   0.012096     9.6815     9.5590     -0.297     -0.294      98.53     0.0081     0.0815     0.0733     15.012 1.0989e-01     0.0012     4.9267     0.0366     3.0024     1.4835     1.0012     2.1770     1.6361          0     98.240  0.000e+00
        533     22.167   0.000732   0.012214     9.6815     9.5590     -0.265     -0.263      98.51     0.0082     0.0823     0.0741     14.982 1.1355e-01     0.0012     4.9255     0.0379     2.9963     1.4835     1.0012     2.1770     1.6361          0     98.247  0.000e+00
        534     22.208   0.000774   0.011877     9.6814     9.5587     -0.297     -0.294      98.51     0.0084     0.0800     0.0716     14.988 1.0989e-01     0.0012     4.9255     0.0366     2.9976     1.4835     1.0012     2.1770     1.6361          0     98.216  0.000e+00
        535     22.250   0.000874   0.012087     9.6810     9.5587     -0.265     -0.263      98.53     0.0089     0.0814     0.0725     15.110 1.0989e-01     0.0110     4.9267     0.0366     3.0220     1.4835     1.0012     2.1770     1.6361          0     98.272  0.000e+00
        536     22.292   0.000933   0.012031     9.6813     9.5587     -0.283     -0.281      98.53     0.0093     0.0810     0.0718     15.372 1.0989e-01     0.0305     4.9267     0.0366     3.0745     1.4835     1.0012     2.1770     1.6361          0     98.254  0.000e+00
        537     22.333   0.000907   0.011927     9.6810     9.5587     -0.265     -0.263      98.53     0.0091     0.0804     0.0712     15.525 1.0989e-01     0.0537     4.9267     0.0366     3.1050     1.4823     1.0012     2.1770     1.6361          0     98.272  0.000e+00
        538     22.375   0.000889   0.012321     9.6812     9.5589     -0.265     -0.263      98.53     0.0090     0.0830     0.0740     15.604 1.0989e-01     0.0769     4.9267     0.0366     3.1209     1.4835     1.0012     2.1770     1.6361          0     98.272  0.000e+00
        539     22.417   0.000794   0.011933     9.6809     9.5587     -0.265     -0.263      98.53     0.0085     0.0804     0.0719     15.733 1.0989e-01     0.0989     4.9267     0.0366     3.1465     1.4835     1.0012     2.1783     1.6361          0     98.272  0.000e+00
        540     22.458   0.000747   0.012149     9.6807     9.5586     -0.265     -0.263      98.53     0.0082     0.0818     0.0736     15.958 1.0989e-01     0.1184     4.9267     0.0366     3.1917     1.4835     1.0012     2.1783     1.6361          0     98.272  0.000e+00
        541     22.500   0.000712   0.012253     9.6810     9.5587     -0.265     -0.263      98.53     0.0080     0.0825     0.0745     16.209 1.0989e-01     0.1355     4.9267     0.0366     3.2418     1.4835     1.0012     2.1783     1.6361          0     98.272  0.000e+00
        542     22.542   0.000706   0.012040     9.6810     9.5590     -0.283     -0.281      98.53     0.0080     0.0811     0.0731     16.447 1.0989e-01     0.1514     4.9267     0.0366     3.2894     1.4835     1.0012     2.1783     1.6361          0     98.254  0.000e+00
        543     22.583   0.000771   0.012309     9.6809     9.5589     -0.265     -0.263      98.53     0.0084     0.0829     0.0746     16.587 1.0989e-01     0.1661     4.9267     0.0366     3.3175     1.4835     1.0012     2.1783     1.6361          0     98.272  0.000e+00
        544     22.625   0.000862   0.012199     9.6805     9.5589     -0.265     -0.263      98.53     0.0089     0.0822     0.0733     16.569 1.0989e-01     0.1770     4.9267     0.0366     3.3138     1.4835     1.0012     2.1783     1.6361          0     98.272  0.000e+00
        545     22.667   0.000921   0.012155     9.6809     9.5587     -0.265     -0.263      98.51     0.0092     0.0819     0.0727     16.471 1.0989e-01     0.1856     4.9255     0.0366     3.2943     1.4823     1.0012     2.1783     1.6361          0     98.247  0.000e+00
        546     22.708   0.000901   0.012392     9.6808     9.5589     -0.297     -0.294      98.53     0.0091     0.0835     0.0744     16.349 1.0989e-01     0.1856     4.9267     0.0366     3.2698     1.4835     1.0012     2.1783     1.6361          0     98.240  0.000e+00
        547     22.750   0.000845   0.011998     9.6805     9.5587     -0.265     -0.263      98.53     0.0088     0.0808     0.0721     16.258 1.0989e-01     0.1819     4.9267     0.0366     3.2515     1.4835     1.0012     2.1783     1.6361          0     98.272  0.000e+00
        548     22.792   0.000812   0.012075     9.6805     9.5587     -0.283     -0.281      98.51     0.0086     0.0813     0.0728     16.215 1.0989e-01     0.1795     4.9255     0.0366     3.2430     1.4835     1.0012     2.1783     1.6361          0     98.229  0.000e+00
        549     22.833   0.000774   0.012185     9.6804     9.5584     -0.297     -0.294      98.53     0.0084     0.0821     0.0737     16.117 1.0989e-01     0.1795     4.9267     0.0366     3.2234     1.4835     1.0012     2.1783     1.6361          0     98.240  0.000e+00
        550     22.875   0.000712   0.011868     9.6805     9.5587     -0.265     -0.263      98.53     0.0080     0.0800     0.0719     15.922 1.0989e-01     0.1807     4.9267     0.0366     3.1844     1.4835     1.0012     2.1783     1.6361          0     98.272  0.000e+00
        551     22.917   0.000712   0.012123     9.6801     9.5585     -0.265     -0.263      98.53     0.0080     0.0817     0.0736     15.788 1.0989e-01     0.1807     4.9267     0.0366     3.1575     1.4835     1.0000     2.1783     1.6361          0     98.272  0.000e+00
        552     22.958   0.000783   0.011895     9.6804     9.5580     -0.297     -0.294      98.53     0.0084     0.0801     0.0717     15.745 1.0989e-01     0.1783     4.9267     0.0366     3.1490     1.4835     1.0012     2.1783     1.6361          0     98.240  0.000e+00
        553     23.000   0.000892   0.011871     9.6800     9.5584     -0.265     -0.263      98.53     0.0090     0.0800     0.0709     15.824 1.0623e-01     0.1758     4.9267     0.0354     3.1648     1.4835     1.0012     2.1783     1.6361          0     98.272  0.000e+00
        554     23.042   0.000930   0.012099     9.6800     9.5580     -0.283     -0.281      98.53     0.0093     0.0815     0.0722     15.879 1.0989e-01     0.1722     4.9267     0.0366     3.1758     1.4835     1.0000     2.1783     1.6361          0     98.254  0.000e+00
        555     23.083   0.000924   0.011833     9.6800     9.5580     -0.234     -0.232      98.53     0.0092     0.0797     0.0705     15.958 1.0989e-01     0.1709     4.9267     0.0366     3.1917     1.4835     1.0012     2.1783     1.6361          0     98.303  0.000e+00
        556     23.125   0.000821   0.012114     9.6800     9.5582     -0.297     -0.294      98.53     0.0086     0.0816     0.0730     16.129 1.0989e-01     0.1722     4.9267     0.0366     3.2259     1.4835     1.0000     2.1783     1.6361          0     98.240  0.000e+00
        557     23.167   0.000774   0.012001     9.6799     9.5581     -0.265     -0.263      98.53     0.0084     0.0809     0.0725     16.239 1.0989e-01     0.1734     4.9267     0.0366     3.2479     1.4835     1.0012     2.1783     1.6361          0     98.272  0.000e+00
        558     23.208   0.000724   0.011987     9.6797     9.5582     -0.265     -0.263      98.53     0.0081     0.0808     0.0726     16.361 1.0989e-01     0.1734     4.9267     0.0366     3.2723     1.4835     1.0000     2.1783     1.6361          0     98.272  0.000e+00
        559     23.250   0.000673   0.012353     9.6799     9.5582     -0.234     -0.232      98.53     0.0078     0.0832     0.0754     16.624 1.0989e-01     0.1697     4.9267     0.0366     3.3248     1.4835     1.0012     2.1783     1.6361          0     98.303  0.000e+00
        560     23.292   0.000706   0.012058     9.6797     9.5584     -0.283     -0.281      98.53     0.0080     0.0812     0.0732     16.880 1.0989e-01     0.1624     4.9267     0.0366     3.3761     1.4835     1.0000     2.1783     1.6361          0     98.254  0.000e+00
        561     23.333   0.000812   0.012291     9.6798     9.5584     -0.234     -0.232      98.53     0.0086     0.0828     0.0742     17.070 1.0989e-01     0.1538     4.9267     0.0366     3.4139     1.4835     1.0000     2.1783     1.6361          0     98.303  0.000e+00
        562     23.375   0.000895   0.012480     9.6799     9.5584     -0.265     -0.263      98.53     0.0091     0.0841     0.0750     17.149 1.0989e-01     0.1404     4.9267     0.0366     3.4298     1.4835     1.0000     2.1783     1.6361          0     98.272  0.000e+00
        563     23.417   0.000904   0.012217     9.6799     9.5584     -0.265     -0.263      98.53     0.0091     0.0823     0.0732     17.088 1.0989e-01     0.1258     4.9267     0.0366     3.4176     1.4835     1.0000     2.1783     1.6361          0     98.272  0.000e+00
        564     23.458   0.000880   0.012404     9.6795     9.5582     -0.265     -0.263      98.53     0.0090     0.0836     0.0746     17.045 1.0989e-01     0.1111     4.9267     0.0366     3.4090     1.4835     1.0000     2.1783     1.6361          0     98.272  0.000e+00
        565     23.500   0.000806   0.012300     9.6797     9.5586     -0.265     -0.263      98.53     0.0086     0.0829     0.0743     16.984 1.0989e-01     0.0977     4.9267     0.0366     3.3968     1.4835     1.0000     2.1783     1.6361          0     98.272  0.000e+00
        566     23.542   0.000759   0.012007     9.6795     9.5585     -0.283     -0.281      98.53     0.0083     0.0809     0.0726     16.819 1.0989e-01     0.0855     4.9267     0.0366     3.3639     1.4835     1.0000     2.1783     1.6361          0     98.254  0.000e+00
        567     23.583   0.000709   0.012341     9.6797     9.5585     -0.265     -0.263      98.53     0.0080     0.0831     0.0751     16.618 1.0989e-01     0.0745     4.9267     0.0366     3.3236     1.4835     1.0000     2.1783     1.6361          0     98.272  0.000e+00
        568     23.625   0.000697   0.012072     9.6794     9.5584     -0.297     -0.294      98.53     0.0080     0.0813     0.0734     16.441 1.1355e-01     0.0659     4.9267     0.0379     3.2882     1.4835     1.0000     2.1783     1.6361          0     98.240  0.000e+00
        569     23.667   0.000756   0.012096     9.6794     9.5585     -0.265     -0.263      98.53     0.0083     0.0815     0.0732     16.264 1.0989e-01     0.0586     4.9267     0.0366     3.2527     1.4835     1.0000     2.1783     1.6361          0     98.272  0.000e+00
        570     23.708   0.000862   0.012214     9.6794     9.5582     -0.265     -0.263      98.53     0.0089     0.0823     0.0734     16.062 1.0989e-01     0.0562     4.9267     0.0366     3.2125     1.4835     1.0000     2.1783     1.6361          0     98.272  0.000e+00
        571     23.750   0.000942   0.011871     9.6795     9.5580     -0.297     -0.294      98.53     0.0093     0.0800     0.0706     15.812 1.1355e-01     0.0537     4.9267     0.0379     3.1624     1.4835     1.0000     2.1783     1.6361          0     98.240  0.000e+00
        572     23.792   0.000942   0.012229     9.6792     9.5582     -0.284     -0.281      98.53     0.0093     0.0824     0.0731     15.696 1.0989e-01     0.0476     4.9267     0.0366     3.1392     1.4835     1.0000     2.1783     1.6361          0     98.254  0.000e+00
        573     23.833   0.000892   0.012078     9.6789     9.5581     -0.265     -0.263      98.53     0.0090     0.0814     0.0723     15.726 1.0989e-01     0.0415     4.9267     0.0366     3.1453     1.4847     1.0000     2.1783     1.6361          0     98.272  0.000e+00
        574     23.875   0.000845   0.011851     9.6791     9.5579     -0.265     -0.263      98.53     0.0088     0.0798     0.0711     15.842 1.0623e-01     0.0366     4.9267     0.0354     3.1685     1.4835     1.0000     2.1783     1.6361          0     98.272  0.000e+00
        575     23.917   0.000753   0.012149     9.6789     9.5580     -0.265     -0.263      98.53     0.0083     0.0818     0.0736     16.038 1.0623e-01     0.0354     4.9267     0.0354     3.2076     1.4835     1.0000     2.1783     1.6361          0     98.272  0.000e+00
        576     23.958   0.000703   0.011874     9.6789     9.5577     -0.265     -0.263      98.53     0.0080     0.0800     0.0720     16.294 1.0989e-01     0.0391     4.9267     0.0366     3.2589     1.4835     0.9988     2.1783     1.6361          0     98.272  0.000e+00
        577     24.000   0.000712   0.012126     9.6789     9.5580     -0.297     -0.294      98.51     0.0080     0.0817     0.0736     16.441 1.0989e-01     0.0452     4.9255     0.0366     3.2882     1.4835     0.9988     2.1783     1.6361          0     98.216  0.000e+00
        578     24.042   0.000762   0.012226     9.6789     9.5579     -0.247     -0.245      98.53     0.0083     0.0824     0.0740     16.606 1.0989e-01     0.0513     4.9267     0.0366     3.3211     1.4835     0.9988     2.1783     1.6361          0     98.290  0.000e+00
        579     24.083   0.000842   0.012037     9.6789     9.5580     -0.234     -0.232      98.53     0.0088     0.0811     0.0723     16.777 1.0989e-01     0.0598     4.9267     0.0366     3.3553     1.4835     0.9988     2.1783     1.6361          0     98.303  0.000e+00
