data/input/seabird/stn_003.cnv
* Sea-Bird SBE 9 Data File:
* FileName = D:\SBE Data\Current\CEND_24_16\stn_003.hex
* Software Version Seasave V 7.23.2
* Temperature SN = 5558
* Conductivity SN = 4499
* Number of Bytes Per Scan = 37
* Number of Voltage Words = 4
* Number of Scans Averaged by the Deck Unit = 1
* NMEA Latitude = 53 31.77 N
* NMEA Longitude = 001 02.83 E
* NMEA UTC (Time) = Nov 12 2016 19:14:29
* NMEA baud rate = 4800
** Cruise: CEND_24_16
** Station: 003
** Site: Dowsing
** Operator: Tom Hull
** Pre recovery
# nquan = 25
# nvalues = 13129                                 
# units = specified
# name 0 = scan: Scan Count
# name 1 = timeS: Time, Elapsed [seconds]
# name 2 = c0S/m: Conductivity [S/m]
# name 3 = c1S/m: Conductivity, 2 [S/m]
# name 4 = t090C: Temperature [ITS-90, deg C]
# name 5 = t190C: Temperature, 2 [ITS-90, deg C]
# name 6 = prDM: Pressure, Digiquartz [db]
# name 7 = depSM: Depth [salt water, m]
# name 8 = altM: Altimeter [m]
# name 9 = sal00: Salinity, Practical [PSU]
# name 10 = sal11: Salinity, Practical, 2 [PSU]
# name 11 = secS-priS: Salinity, Practical, Difference, 2 - 1 [PSU]
# name 12 = seaTurbMtr: Turbidity, Seapoint [FTU]
# name 13 = flSP: Fluorescence, Seapoint
# name 14 = v0: Voltage 0
# name 15 = v1: Voltage 1
# name 16 = v2: Voltage 2
# name 17 = v3: Voltage 3
# name 18 = v4: Voltage 4
# name 19 = v5: Voltage 5
# name 20 = v6: Voltage 6
# name 21 = v7: Voltage 7
# name 22 = pumps: Pump Status
# name 23 = sfdSM: Seafloor depth [salt water, m]
# name 24 = flag:  0.000e+00
# span 0 =          1,      13129                 
# span 1 =      0.000,    547.000                 
# span 2 =   0.000479,   3.824035                 
# span 3 =   0.011475,   3.824185                 
# span 4 =     9.5508,    10.7663                 
# span 5 =     9.4004,    10.7662                 
# span 6 =     -0.504,     19.784                 
# span 7 =     -0.500,     19.607                 
# span 8 =       0.00,     100.00                 
# span 9 =     0.0067,    34.4121                 
# span 10 =     0.0775,    34.4446                
# span 11 =   -28.8243,    29.5171                
# span 12 =      6.734,     24.927                
# span 13 = 7.6923e-02, 1.4542e+00                
# span 14 =     0.0000,     0.7228                
# span 15 =     0.0000,     5.0000                
# span 16 =     0.0256,     0.4847                
# span 17 =     1.3468,     4.9853                
# span 18 =     1.4701,     1.5043                
# span 19 =     0.9976,     1.0830                
# span 20 =     2.1734,     2.2173                
# span 21 =     1.6349,     1.7570                
# span 22 =          0,          1                
# span 23 =     -0.355,     99.761                
# span 24 = 0.0000e+00, 0.0000e+00                
# interval = seconds: 0.0416667
# start_time = Nov 12 2016 19:14:29 [NMEA time, header]
# bad_flag = -9.990e-29
*END*
[from data line 8638]
       8639    359.917   3.823568   3.823647    10.7644    10.7643     13.783     13.660       7.72    34.4110    34.4119     0.0009      9.652 5.4945e-01     0.0024     0.3858     0.1832     1.9304     1.5031     1.0830     2.2051     1.7546          1     21.376  0.000e+00
       8640    359.958   3.823587   3.823660    10.7645    10.7644     13.742     13.619       7.72    34.4111    34.4119     0.0008      9.481 5.5678e-01     0.0024     0.3858     0.1856     1.8962     1.5031     1.0830     2.2051     1.7546          1     21.336  0.000e+00
       8641    360.000   3.823587   3.823666    10.7644    10.7646     13.783     13.660       7.72    34.4112    34.4118     0.0006      9.255 5.6044e-01     0.0037     0.3858     0.1868     1.8510     1.5031     1.0818     2.2051     1.7558          1     21.376  0.000e+00
       8642    360.042   3.823535   3.823693    10.7642    10.7644     13.814     13.691       7.69    34.4109    34.4122     0.0013      9.011 5.5678e-01     0.0037     0.3846     0.1856     1.8022     1.5031     1.0830     2.2051     1.7558          1     21.383  0.000e+00
       8643    360.083   3.823542   3.823653    10.7642    10.7644     13.810     13.687       7.67    34.4109    34.4118     0.0009      8.852 5.5678e-01     0.0024     0.3834     0.1856     1.7705     1.5031     1.0818     2.2051     1.7558          1     21.354  0.000e+00
       8644    360.125   3.823574   3.823660    10.7644    10.7645     13.814     13.691       7.67    34.4111    34.4118     0.0008      8.736 5.7509e-01     0.0024     0.3834     0.1917     1.7473     1.5031     1.0818     2.2051     1.7558          1     21.359  0.000e+00
       8645    360.167   3.823587   3.823666    10.7644    10.7644     13.882     13.758       7.67    34.4112    34.4119     0.0007      8.681 5.7875e-01     0.0024     0.3834     0.1929     1.7363     1.5043     1.0818     2.2051     1.7558          1     21.426  0.000e+00
       8646    360.208   3.823574   3.823673    10.7645    10.7644     13.810     13.687       7.67    34.4110    34.4120     0.0010      8.810 5.6777e-01     0.0024     0.3834     0.1893     1.7619     1.5031     1.0818     2.2051     1.7546          1     21.354  0.000e+00
       8647    360.250   3.823581   3.823693    10.7644    10.7644     13.882     13.758       7.64    34.4111    34.4122     0.0011      8.852 5.6044e-01     0.0024     0.3822     0.1868     1.7705     1.5031     1.0818     2.2051     1.7558          1     21.402  0.000e+00
       8648    360.292   3.823607   3.823679    10.7647    10.7643     13.882     13.758       7.62    34.4111    34.4122     0.0012      8.950 5.5311e-01     0.0024     0.3810     0.1844     1.7900     1.5031     1.0830     2.2051     1.7558          1     21.377  0.000e+00
       8649    360.333   3.823594   3.823666    10.7647    10.7645     13.914     13.790       7.62    34.4109    34.4119     0.0009      9.084 5.4945e-01     0.0024     0.3810     0.1832     1.8168     1.5031     1.0830     2.2051     1.7558          1     21.409  0.000e+00
       8650    360.375   3.823640   3.823666    10.7644    10.7644     13.909     13.785       7.62    34.4117    34.4119     0.0002      9.096 5.5678e-01     0.0024     0.3810     0.1856     1.8193     1.5031     1.0818     2.2051     1.7558          1     21.404  0.000e+00
       8651    360.417   3.823627   3.823666    10.7648    10.7646     13.914     13.790       7.62    34.4112    34.4117     0.0006      9.341 5.6410e-01     0.0024     0.3810     0.1880     1.8681     1.5031     1.0818     2.2051     1.7558          1     21.409  0.000e+00
       8652    360.458   3.823620   3.823666    10.7647    10.7648     13.946     13.821       7.57    34.4112    34.4116     0.0004      9.420 5.6777e-01     0.0024     0.3785     0.1893     1.8840     1.5043     1.0818     2.2051     1.7558          1     21.391  0.000e+00
       8653    360.500   3.823568   3.823666    10.7647    10.7644     13.977     13.853       7.57    34.4106    34.4119     0.0012      9.335 5.7875e-01     0.0024     0.3785     0.1929     1.8669     1.5031     1.0818     2.2051     1.7558          1     21.423  0.000e+00
       8654    360.542   3.823574   3.823647    10.7647    10.7646     13.946     13.821       7.57    34.4107    34.4115     0.0008      9.115 5.7875e-01     0.0024     0.3785     0.1929     1.8230     1.5031     1.0830     2.2051     1.7546          1     21.391  0.000e+00
       8655    360.583   3.823587   3.823660    10.7647    10.7645     13.982     13.857       7.57    34.4108    34.4118     0.0009      8.974 5.8608e-01     0.0024     0.3785     0.1954     1.7949     1.5031     1.0818     2.2051     1.7558          1     21.427  0.000e+00
       8656    360.625   3.823587   3.823693    10.7645    10.7644     14.009     13.884       7.57    34.4110    34.4121     0.0011      8.950 5.7509e-01     0.0037     0.3785     0.1917     1.7900     1.5031     1.0818     2.2051     1.7546          1     21.454  0.000e+00
       8657    360.667   3.823587   3.823699    10.7645    10.7646     14.013     13.888       7.55    34.4110    34.4120     0.0010      8.779 5.5678e-01     0.0024     0.3773     0.1856     1.7558     1.5031     1.0830     2.2051     1.7558          1     21.434  0.000e+00
       8658    360.708   3.823607   3.823699    10.7645    10.7648     14.050     13.924       7.55    34.4112    34.4119     0.0007      8.742 5.5311e-01     0.0024     0.3773     0.1844     1.7485     1.5031     1.0818     2.2051     1.7558          1     21.470  0.000e+00
       8659    360.750   3.823581   3.823680    10.7645    10.7646     14.041     13.915       7.55    34.4109    34.4118     0.0009      8.858 5.6777e-01     0.0024     0.3773     0.1893     1.7717     1.5031     1.0818     2.2051     1.7546          1     21.461  0.000e+00
       8660    360.792   3.823607   3.823712    10.7645    10.7647     14.050     13.924       7.55    34.4112    34.4121     0.0009      9.078 6.0806e-01     0.0024     0.3773     0.2027     1.8156     1.5031     1.0818     2.2051     1.7546          1     21.470  0.000e+00
       8661    360.833   3.823620   3.823712    10.7645    10.7646     14.081     13.956       7.52    34.4113    34.4121     0.0008      9.237 6.7399e-01     0.0024     0.3761     0.2247     1.8474     1.5031     1.0818     2.2051     1.7546          1     21.477  0.000e+00
       8662    360.875   3.823620   3.823699    10.7645    10.7648     14.077     13.951       7.50    34.4113    34.4119     0.0006      9.206 7.1795e-01     0.0024     0.3748     0.2393     1.8413     1.5031     1.0818     2.2051     1.7558          1     21.448  0.000e+00
       8663    360.917   3.823568   3.823699    10.7645    10.7646     14.081     13.956       7.50    34.4108    34.4120     0.0012      9.048 7.2527e-01     0.0024     0.3748     0.2418     1.8095     1.5031     1.0818     2.2051     1.7558          1     21.453  0.000e+00
       8664    360.958   3.823574   3.823680    10.7644    10.7648     14.113     13.987       7.50    34.4110    34.4117     0.0007      8.889 6.9963e-01     0.0024     0.3748     0.2332     1.7778     1.5031     1.0818     2.2051     1.7558          1     21.484  0.000e+00
       8665    361.000   3.823587   3.823712    10.7647    10.7647     14.108     13.983       7.47    34.4108    34.4121     0.0013      8.816 6.6300e-01     0.0024     0.3736     0.2210     1.7631     1.5031     1.0818     2.2051     1.7558          1     21.455  0.000e+00
       8666    361.042   3.823587   3.823712    10.7645    10.7649     14.149     14.023       7.50    34.4109    34.4118     0.0009      8.864 6.1538e-01     0.0024     0.3748     0.2051     1.7729     1.5031     1.0830     2.2051     1.7558          1     21.520  0.000e+00
       8667    361.083   3.823607   3.823725    10.7644    10.7648     14.113     13.987       7.47    34.4113    34.4121     0.0008      8.895 5.7875e-01     0.0024     0.3736     0.1929     1.7790     1.5031     1.0818     2.2051     1.7546          1     21.460  0.000e+00
       8668    361.125   3.823594   3.823712    10.7645    10.7648     14.149     14.023       7.47    34.4110    34.4120     0.0010      8.980 5.7509e-01     0.0024     0.3736     0.1917     1.7961     1.5031     1.0830     2.2051     1.7546          1     21.495  0.000e+00
       8669    361.167   3.823561   3.823699    10.7645    10.7648     14.140     14.014       7.47    34.4107    34.4118     0.0011      9.151 6.0073e-01     0.0024     0.3736     0.2002     1.8303     1.5031     1.0830     2.2051     1.7546          1     21.487  0.000e+00
       8670    361.208   3.823574   3.823653    10.7645    10.7648     14.181     14.054       7.47    34.4108    34.4114     0.0006      9.237 6.2637e-01     0.0024     0.3736     0.2088     1.8474     1.5031     1.0818     2.2051     1.7558          1     21.527  0.000e+00
       8671    361.250   3.823607   3.823680    10.7647    10.7647     14.181     14.054       7.45    34.4109    34.4117     0.0008      9.328 6.5201e-01     0.0024     0.3724     0.2173     1.8657     1.5031     1.0818     2.2051     1.7546          1     21.502  0.000e+00
       8672    361.292   3.823581   3.823699    10.7645    10.7649     14.176     14.050       7.42    34.4109    34.4117     0.0008      9.231 6.8498e-01     0.0024     0.3712     0.2283     1.8462     1.5031     1.0830     2.2051     1.7558          1     21.474  0.000e+00
       8673    361.333   3.823633   3.823706    10.7645    10.7646     14.181     14.054       7.42    34.4114    34.4120     0.0006      9.011 7.0330e-01     0.0024     0.3712     0.2344     1.8022     1.5031     1.0830     2.2051     1.7546          1     21.478  0.000e+00
       8674    361.375   3.823627   3.823725    10.7647    10.7646     14.213     14.086       7.42    34.4112    34.4122     0.0010      8.877 6.9597e-01     0.0024     0.3712     0.2320     1.7753     1.5031     1.0830     2.2051     1.7546          1     21.509  0.000e+00
       8675    361.417   3.823568   3.823686    10.7644    10.7646     14.208     14.081       7.42    34.4109    34.4118     0.0010      9.005 6.6667e-01     0.0024     0.3712     0.2222     1.8010     1.5031     1.0830     2.2051     1.7546          1     21.505  0.000e+00
       8676    361.458   3.823574   3.823693    10.7644    10.7649     14.213     14.086       7.40    34.4109    34.4117     0.0007      9.133 6.4835e-01     0.0037     0.3700     0.2161     1.8266     1.5031     1.0830     2.2051     1.7558          1     21.485  0.000e+00
       8677    361.500   3.823561   3.823699    10.7647    10.7648     14.213     14.086       7.40    34.4105    34.4118     0.0013      9.310 6.3004e-01     0.0024     0.3700     0.2100     1.8620     1.5031     1.0818     2.2051     1.7558          1     21.485  0.000e+00
       8678    361.542   3.823601   3.823699    10.7643    10.7648     14.244     14.117       7.40    34.4112    34.4118     0.0006      9.481 6.0806e-01     0.0024     0.3700     0.2027     1.8962     1.5031     1.0818     2.2051     1.7558          1     21.516  0.000e+00
       8679    361.583   3.823620   3.823725    10.7645    10.7646     14.249     14.122       7.40    34.4112    34.4122     0.0010      9.402 5.9341e-01     0.0024     0.3700     0.1978     1.8803     1.5043     1.0818     2.2051     1.7558          1     21.521  0.000e+00
       8680    361.625   3.823568   3.823732    10.7644    10.7646     14.249     14.122       7.40    34.4108    34.4122     0.0014      9.206 6.0440e-01     0.0024     0.3700     0.2015     1.8413     1.5043     1.0818     2.2051     1.7558          1     21.521  0.000e+00
       8681    361.667   3.823574   3.823660    10.7644    10.7647     14.276     14.149       7.37    34.4109    34.4115     0.0006      9.066 6.0806e-01     0.0024     0.3687     0.2027     1.8132     1.5031     1.0830     2.2051     1.7558          1     21.523  0.000e+00
       8682    361.708   3.823588   3.823686    10.7644    10.7646     14.249     14.122       7.37    34.4110    34.4118     0.0008      9.255 5.8608e-01     0.0024     0.3687     0.1954     1.8510     1.5031     1.0818     2.2051     1.7558          1     21.496  0.000e+00
       8683    361.750   3.823588   3.823725    10.7643    10.7648     14.280     14.153       7.37    34.4111    34.4120     0.0010      9.542 5.5311e-01     0.0024     0.3687     0.1844     1.9084     1.5031     1.0818     2.2051     1.7546          1     21.528  0.000e+00
       8684    361.792   3.823574   3.823686    10.7645    10.7644     14.317     14.189       7.37    34.4107    34.4119     0.0012      9.493 5.3480e-01     0.0024     0.3687     0.1783     1.8987     1.5031     1.0818     2.2051     1.7546          1     21.564  0.000e+00
       8685    361.833   3.823607   3.823693    10.7642    10.7648     14.276     14.148       7.35    34.4114    34.4117     0.0004      9.194 5.3480e-01     0.0024     0.3675     0.1783     1.8388     1.5031     1.0818     2.2051     1.7558          1     21.499  0.000e+00
       8686    361.875   3.823594   3.823725    10.7645    10.7644     14.280     14.153       7.35    34.4109    34.4123     0.0014      8.871 5.3480e-01     0.0037     0.3675     0.1783     1.7741     1.5031     1.0818     2.2051     1.7558          1     21.503  0.000e+00
       8687    361.917   3.823588   3.823680    10.7644    10.7645     14.317     14.189       7.35    34.4110    34.4118     0.0008      8.864 5.3480e-01     0.0037     0.3675     0.1783     1.7729     1.5031     1.0818     2.2051     1.7558          1     21.539  0.000e+00
       8688    361.958   3.823588   3.823693    10.7643    10.7646     14.308     14.180       7.35    34.4111    34.4118     0.0008      9.042 5.4212e-01     0.0024     0.3675     0.1807     1.8083     1.5031     1.0830     2.2051     1.7558          1     21.530  0.000e+00
       8689    362.000   3.823588   3.823699    10.7645    10.7648     14.317     14.189       7.35    34.4109    34.4118     0.0009      9.182 5.6777e-01     0.0024     0.3675     0.1893     1.8364     1.5031     1.0830     2.2051     1.7558          1     21.539  0.000e+00
       8690    362.042   3.823588   3.823680    10.7644    10.7646     14.348     14.220       7.35    34.4110    34.4117     0.0007      9.176 5.8974e-01     0.0024     0.3675     0.1966     1.8352     1.5031     1.0818     2.2051     1.7546          1     21.571  0.000e+00
       8691    362.083   3.823588   3.823693    10.7645    10.7644     14.344     14.216       7.33    34.4109    34.4120     0.0011      9.023 5.9707e-01     0.0024     0.3663     0.1990     1.8046     1.5031     1.0818     2.2051     1.7558          1     21.542  0.000e+00
       8692    362.125   3.823561   3.823725    10.7645    10.7647     14.348     14.220       7.33    34.4106    34.4121     0.0015      8.748 6.0073e-01     0.0037     0.3663     0.2002     1.7497     1.5031     1.0818     2.2051     1.7558          1     21.546  0.000e+00
       8693    362.167   3.823601   3.823686    10.7645    10.7646     14.348     14.220       7.33    34.4110    34.4117     0.0008      8.803 6.0440e-01     0.0024     0.3663     0.2015     1.7607     1.5031     1.0818     2.2051     1.7558          1     21.546  0.000e+00
       8694    362.208   3.823620   3.823712    10.7644    10.7644     14.380     14.252       7.33    34.4113    34.4122     0.0009      8.840 6.0440e-01     0.0037     0.3663     0.2015     1.7680     1.5031     1.0818     2.2051     1.7558          1     21.578  0.000e+00
       8695    362.250   3.823594   3.823712    10.7645    10.7646     14.375     14.247       7.30    34.4109    34.4120     0.0011      8.987 6.0073e-01     0.0024     0.3651     0.2002     1.7973     1.5031     1.0818     2.2051     1.7546          1     21.549  0.000e+00
