data/input/seabird/stn_003.cnv
* Sea-Bird SBE 9 Data File:
* FileName = D:\SBE Data\Current\CEND_24_16\stn_003.hex
* Software Version Seasave V 7.23.2
* Temperature SN = 5558
* Conductivity SN = 4499
* Number of Bytes Per Scan = 37
* Number of Voltage Words = 4
* Number of Scans Averaged by the Deck Unit = 1
* NMEA Latitude = 53 31.77 N
* NMEA Longitude = 001 02.83 E
* NMEA UTC (Time) = Nov 12 2016 19:14:29
* NMEA baud rate = 4800
** Cruise: CEND_24_16
** Station: 003
** Site: Dowsing
** Operator: Tom Hull
** Pre recovery
# nquan = 25
# nvalues = 13129                                 
# units = specified
# name 0 = scan: Scan Count
# name 1 = timeS: Time, Elapsed [seconds]
# name 2 = c0S/m: Conductivity [S/m]
# name 3 = c1S/m: Conductivity, 2 [S/m]
# name 4 = t090C: Temperature [ITS-90, deg C]
# name 5 = t190C: Temperature, 2 [ITS-90, deg C]
# name 6 = prDM: Pressure, Digiquartz [db]
# name 7 = depSM: Depth [salt water, m]
# name 8 = altM: Altimeter [m]
# name 9 = sal00: Salinity, Practical [PSU]
# name 10 = sal11: Salinity, Practical, 2 [PSU]
# name 11 = secS-priS: Salinity, Practical, Difference, 2 - 1 [PSU]
# name 12 = seaTurbMtr: Turbidity, Seapoint [FTU]
# name 13 = flSP: Fluorescence, Seapoint
# name 14 = v0: Voltage 0
# name 15 = v1: Voltage 1
# name 16 = v2: Voltage 2
# name 17 = v3: Voltage 3
# name 18 = v4: Voltage 4
# name 19 = v5: Voltage 5
# name 20 = v6: Voltage 6
# name 21 = v7: Voltage 7
# name 22 = pumps: Pump Status
# name 23 = sfdSM: Seafloor depth [salt water, m]
# name 24 = flag:  0.000e+00
# span 0 =          1,      13129                 
# span 1 =      0.000,    547.000                 
# span 2 =   0.000479,   3.824035                 
# span 3 =   0.011475,   3.824185                 
# span 4 =     9.5508,    10.7663                 
# span 5 =     9.4004,    10.7662                 
# span 6 =     -0.504,     19.784                 
# span 7 =     -0.500,     19.607                 
# span 8 =       0.00,     100.00                 
# span 9 =     0.0067,    34.4121                 
# span 10 =     0.0775,    34.4446                
# span 11 =   -28.8243,    29.5171                
# span 12 =      6.734,     24.927                
# span 13 = 7.6923e-02, 1.4542e+00                
# span 14 =     0.0000,     0.7228                
# span 15 =     0.0000,     5.0000                
# span 16 =     0.0256,     0.4847                
# span 17 =     1.3468,     4.9853                
# span 18 =     1.4701,     1.5043                
# span 19 =     0.9976,     1.0830                
# span 20 =     2.1734,     2.2173                
# span 21 =     1.6349,     1.7570                
# span 22 =          0,          1                
# span 23 =     -0.355,     99.761                
# span 24 = 0.0000e+00, 0.0000e+00                
# interval = seconds: 0.0416667
# start_time = Nov 12 2016 19:14:29 [NMEA time, header]
# bad_flag = -9.990e-29
*END*
[from data line 5392]
       5393    224.667   3.821586   3.821520    10.7495    10.7480      3.008      2.981      17.83    34.4101    34.4108     0.0007      8.144 4.7253e-01     0.0012     0.8913     0.1575     1.6288     1.5006     1.0806     2.2015     1.7485          1     20.808  0.000e+00
       5394    224.708   3.821586   3.821533    10.7493    10.7480      3.021      2.995      17.83    34.4102    34.4109     0.0007      8.095 4.7619e-01     0.0012     0.8913     0.1587     1.6190     1.4994     1.0806     2.2015     1.7485          1     20.821  0.000e+00
       5395    224.750   3.821612   3.821553    10.7494    10.7478      3.008      2.981      17.83    34.4104    34.4113     0.0009      7.918 4.7253e-01     0.0012     0.8913     0.1575     1.5836     1.5006     1.0806     2.2015     1.7485          1     20.808  0.000e+00
       5396    224.792   3.821592   3.821540    10.7496    10.7480      3.008      2.981      17.83    34.4100    34.4110     0.0010      7.808 4.7253e-01     0.0012     0.8913     0.1575     1.5617     1.5006     1.0806     2.2015     1.7485          1     20.808  0.000e+00
       5397    224.833   3.821586   3.821533    10.7496    10.7481      3.021      2.995      17.85    34.4099    34.4108     0.0009      7.808 4.7985e-01     0.0012     0.8926     0.1600     1.5617     1.5006     1.0806     2.2015     1.7485          1     20.846  0.000e+00
       5398    224.875   3.821606   3.821553    10.7497    10.7480      2.976      2.950      17.85    34.4100    34.4111     0.0012      7.863 5.0183e-01     0.0012     0.8926     0.1673     1.5726     1.5006     1.0806     2.2015     1.7485          1     20.801  0.000e+00
       5399    224.917   3.821592   3.821585    10.7497    10.7481      3.008      2.981      17.85    34.4099    34.4113     0.0015      7.949 5.2381e-01     0.0012     0.8926     0.1746     1.5897     1.5006     1.0806     2.2015     1.7485          1     20.832  0.000e+00
       5400    224.958   3.821560   3.821598    10.7494    10.7481      2.976      2.950      17.88    34.4099    34.4115     0.0016      8.083 6.0806e-01     0.0012     0.8938     0.2027     1.6166     1.5006     1.0806     2.2015     1.7485          1     20.825  0.000e+00
       5401    225.000   3.821553   3.821618    10.7495    10.7480      3.022      2.995      17.88    34.4097    34.4118     0.0021      8.199 7.0330e-01     0.0012     0.8938     0.2344     1.6398     1.5006     1.0806     2.2015     1.7485          1     20.870  0.000e+00
       5402    225.042   3.821553   3.821579    10.7493    10.7480      2.976      2.950      17.90    34.4099    34.4114     0.0015      8.327 7.4725e-01     0.0012     0.8950     0.2491     1.6654     1.5006     1.0806     2.2015     1.7485          1     20.850  0.000e+00
       5403    225.083   3.821553   3.821585    10.7491    10.7481      2.976      2.950      17.90    34.4101    34.4113     0.0013      8.346 7.8022e-01     0.0012     0.8950     0.2601     1.6691     1.5006     1.0806     2.2015     1.7485          1     20.850  0.000e+00
       5404    225.125   3.821573   3.821572    10.7488    10.7481      3.022      2.995      17.90    34.4106    34.4112     0.0006      8.260 7.7656e-01     0.0012     0.8950     0.2589     1.6520     1.5006     1.0806     2.2015     1.7485          1     20.895  0.000e+00
       5405    225.167   3.821507   3.821585    10.7488    10.7479      2.976      2.950      17.90    34.4099    34.4115     0.0016      8.217 7.1795e-01     0.0012     0.8950     0.2393     1.6435     1.5006     1.0806     2.2015     1.7485          1     20.850  0.000e+00
       5406    225.208   3.821481   3.821572    10.7486    10.7481      2.976      2.950      17.92    34.4098    34.4112     0.0014      8.303 6.4469e-01     0.0012     0.8962     0.2149     1.6606     1.5006     1.0806     2.2015     1.7485          1     20.874  0.000e+00
       5407    225.250   3.821455   3.821566    10.7481    10.7480      3.008      2.981      17.97    34.4100    34.4113     0.0012      8.541 5.8974e-01     0.0012     0.8987     0.1966     1.7082     1.5006     1.0806     2.2015     1.7485          1     20.954  0.000e+00
       5408    225.292   3.821448   3.821566    10.7481    10.7481      2.990      2.963      17.97    34.4099    34.4111     0.0012      8.700 5.6044e-01     0.0012     0.8987     0.1868     1.7399     1.5006     1.0806     2.2015     1.7485          1     20.936  0.000e+00
       5409    225.333   3.821455   3.821585    10.7481    10.7480      3.008      2.981      17.97    34.4100    34.4115     0.0014      8.620 5.3480e-01     0.0012     0.8987     0.1783     1.7241     1.5006     1.0806     2.2015     1.7485          1     20.954  0.000e+00
       5410    225.375   3.821448   3.821598    10.7481    10.7480      3.008      2.981      17.97    34.4100    34.4116     0.0016      8.523 5.1648e-01     0.0012     0.8987     0.1722     1.7045     1.5006     1.0806     2.2015     1.7485          1     20.954  0.000e+00
       5411    225.417   3.821448   3.821598    10.7479    10.7478      2.990      2.963      17.97    34.4101    34.4118     0.0017      8.516 5.1282e-01     0.0012     0.8987     0.1709     1.7033     1.5006     1.0806     2.2015     1.7485          1     20.936  0.000e+00
       5412    225.458   3.821468   3.821598    10.7481    10.7480      3.008      2.981      17.97    34.4101    34.4116     0.0015      8.608 5.2381e-01     0.0012     0.8987     0.1746     1.7216     1.5006     1.0806     2.2015     1.7485          1     20.954  0.000e+00
       5413    225.500   3.821429   3.821598    10.7481    10.7478      3.008      2.981      17.97    34.4098    34.4118     0.0020      8.639 5.3114e-01     0.0012     0.8987     0.1770     1.7277     1.5006     1.0806     2.2015     1.7485          1     20.954  0.000e+00
       5414    225.542   3.821462   3.821598    10.7479    10.7481      3.008      2.981      17.97    34.4102    34.4115     0.0012      8.584 5.3114e-01     0.0012     0.8987     0.1770     1.7167     1.5006     1.0806     2.2015     1.7485          1     20.954  0.000e+00
       5415    225.583   3.821455   3.821598    10.7479    10.7480      3.022      2.995      17.97    34.4102    34.4116     0.0014      8.523 5.2747e-01     0.0024     0.8987     0.1758     1.7045     1.4994     1.0806     2.2015     1.7485          1     20.968  0.000e+00
       5416    225.625   3.821448   3.821598    10.7483    10.7483      3.040      3.013      18.00    34.4098    34.4113     0.0015      8.535 5.1282e-01     0.0012     0.8999     0.1709     1.7070     1.5006     1.0806     2.2015     1.7485          1     21.010  0.000e+00
       5417    225.667   3.821409   3.821618    10.7479    10.7484      3.040      3.013      18.00    34.4097    34.4113     0.0016      8.578 5.0183e-01     0.0012     0.8999     0.1673     1.7155     1.5006     1.0806     2.2015     1.7485          1     21.010  0.000e+00
       5418    225.708   3.821455   3.821553    10.7479    10.7483      3.053      3.026      18.00    34.4102    34.4108     0.0007      8.584 5.0183e-01     0.0012     0.8999     0.1673     1.7167     1.5006     1.0806     2.2015     1.7485          1     21.024  0.000e+00
       5419    225.750   3.821429   3.821579    10.7479    10.7486      3.040      3.013      18.00    34.4099    34.4108     0.0009      8.553 5.0549e-01     0.0012     0.8999     0.1685     1.7106     1.5006     1.0806     2.2015     1.7485          1     21.010  0.000e+00
       5420    225.792   3.821494   3.821644    10.7481    10.7486      3.076      3.049      18.00    34.4104    34.4114     0.0010      8.498 5.0183e-01     0.0012     0.8999     0.1673     1.6996     1.5006     1.0806     2.2015     1.7485          1     21.046  0.000e+00
       5421    225.833   3.821488   3.821612    10.7484    10.7486      3.040      3.013      18.00    34.4100    34.4111     0.0011      8.419 4.9817e-01     0.0012     0.8999     0.1661     1.6838     1.5006     1.0806     2.2015     1.7485          1     21.010  0.000e+00
       5422    225.875   3.821481   3.821618    10.7481    10.7484      3.121      3.093      18.00    34.4103    34.4113     0.0011      8.321 5.1282e-01     0.0012     0.8999     0.1709     1.6642     1.5006     1.0806     2.2015     1.7485          1     21.091  0.000e+00
       5423    225.917   3.821481   3.821631    10.7483    10.7483      3.108      3.080      18.00    34.4101    34.4116     0.0015      8.217 5.6410e-01     0.0012     0.8999     0.1880     1.6435     1.5006     1.0806     2.2015     1.7485          1     21.077  0.000e+00
       5424    225.958   3.821442   3.821631    10.7481    10.7484      3.108      3.080      18.00    34.4099    34.4115     0.0016      8.144 6.1538e-01     0.0012     0.8999     0.2051     1.6288     1.5006     1.0806     2.2015     1.7485          1     21.077  0.000e+00
       5425    226.000   3.821442   3.821631    10.7483    10.7486      3.121      3.093      18.00    34.4097    34.4113     0.0016      8.181 6.0806e-01     0.0012     0.8999     0.2027     1.6361     1.5006     1.0806     2.2015     1.7485          1     21.091  0.000e+00
       5426    226.042   3.821448   3.821605    10.7479    10.7483      3.108      3.080      18.02    34.4101    34.4113     0.0012      8.199 5.7143e-01     0.0012     0.9011     0.1905     1.6398     1.5006     1.0806     2.2015     1.7485          1     21.102  0.000e+00
       5427    226.083   3.821422   3.821572    10.7481    10.7483      3.175      3.147      18.02    34.4096    34.4110     0.0013      8.107 5.4212e-01     0.0024     0.9011     0.1807     1.6215     1.5006     1.0806     2.2015     1.7485          1     21.169  0.000e+00
       5428    226.125   3.821435   3.821540    10.7476    10.7483      3.189      3.161      18.02    34.4102    34.4106     0.0004      8.150 5.3480e-01     0.0012     0.9011     0.1783     1.6300     1.5006     1.0806     2.2015     1.7485          1     21.183  0.000e+00
       5429    226.167   3.821422   3.821579    10.7478    10.7481      3.139      3.111      18.02    34.4099    34.4112     0.0013      8.272 5.3846e-01     0.0012     0.9011     0.1795     1.6545     1.4994     1.0806     2.2015     1.7485          1     21.133  0.000e+00
       5430    226.208   3.821416   3.821572    10.7481    10.7481      3.207      3.179      18.05    34.4095    34.4111     0.0016      8.309 5.2747e-01     0.0012     0.9023     0.1758     1.6618     1.4994     1.0806     2.2015     1.7485          1     21.225  0.000e+00
       5431    226.250   3.821390   3.821566    10.7478    10.7481      3.207      3.179      18.05    34.4096    34.4110     0.0015      8.260 5.2015e-01     0.0012     0.9023     0.1734     1.6520     1.4994     1.0806     2.2027     1.7485          1     21.225  0.000e+00
       5432    226.292   3.821442   3.821585    10.7476    10.7481      3.221      3.192      18.05    34.4103    34.4112     0.0010      8.242 5.2015e-01     0.0012     0.9023     0.1734     1.6484     1.5006     1.0806     2.2015     1.7485          1     21.239  0.000e+00
       5433    226.333   3.821422   3.821618    10.7478    10.7483      3.207      3.179      18.05    34.4099    34.4114     0.0015      8.242 5.3480e-01     0.0012     0.9023     0.1783     1.6484     1.5006     1.0806     2.2015     1.7485          1     21.225  0.000e+00
       5434    226.375   3.821435   3.821631    10.7479    10.7484      3.243      3.215      18.05    34.4099    34.4114     0.0015      8.187 5.3480e-01     0.0012     0.9023     0.1783     1.6374     1.4994     1.0806     2.2015     1.7485          1     21.261  0.000e+00
       5435    226.417   3.821422   3.821631    10.7479    10.7486      3.252      3.224      18.05    34.4097    34.4112     0.0015      8.126 5.4212e-01     0.0012     0.9023     0.1807     1.6252     1.4994     1.0806     2.2015     1.7485          1     21.270  0.000e+00
       5436    226.458   3.821435   3.821631    10.7481    10.7486      3.275      3.246      18.05    34.4097    34.4112     0.0015      8.071 5.6044e-01     0.0012     0.9023     0.1868     1.6142     1.4994     1.0806     2.2015     1.7485          1     21.292  0.000e+00
       5437    226.500   3.821422   3.821605    10.7481    10.7484      3.243      3.215      18.05    34.4096    34.4111     0.0016      8.156 5.6777e-01     0.0012     0.9023     0.1893     1.6313     1.5006     1.0806     2.2015     1.7485          1     21.261  0.000e+00
       5438    226.542   3.821435   3.821599    10.7481    10.7483      3.275      3.246      18.05    34.4097    34.4112     0.0015      8.309 5.5311e-01     0.0012     0.9023     0.1844     1.6618     1.4994     1.0806     2.2015     1.7485          1     21.292  0.000e+00
       5439    226.583   3.821409   3.821618    10.7488    10.7483      3.320      3.291      18.05    34.4088    34.4114     0.0026      8.358 5.3114e-01     0.0012     0.9023     0.1770     1.6716     1.5006     1.0806     2.2015     1.7485          1     21.337  0.000e+00
       5440    226.625   3.821455   3.821579    10.7484    10.7481      3.307      3.277      18.05    34.4096    34.4111     0.0016      8.284 5.2015e-01     0.0012     0.9023     0.1734     1.6569     1.4994     1.0806     2.2015     1.7485          1     21.324  0.000e+00
       5441    226.667   3.821455   3.821586    10.7484    10.7483      3.343      3.313      18.05    34.4096    34.4110     0.0014      8.230 5.2015e-01     0.0012     0.9023     0.1734     1.6459     1.5006     1.0806     2.2015     1.7485          1     21.360  0.000e+00
       5442    226.708   3.821422   3.821644    10.7479    10.7481      3.289      3.259      18.05    34.4097    34.4118     0.0021      8.205 5.1648e-01     0.0012     0.9023     0.1722     1.6410     1.5006     1.0806     2.2015     1.7485          1     21.306  0.000e+00
       5443    226.750   3.821462   3.821638    10.7486    10.7486      3.343      3.313      18.05    34.4094    34.4112     0.0018      8.175 5.2747e-01     0.0012     0.9023     0.1758     1.6349     1.5006     1.0806     2.2015     1.7485          1     21.360  0.000e+00
       5444    226.792   3.821534   3.821651    10.7488    10.7486      3.343      3.313      18.05    34.4100    34.4114     0.0013      8.126 5.4945e-01     0.0012     0.9023     0.1832     1.6252     1.5006     1.0806     2.2015     1.7485          1     21.360  0.000e+00
       5445    226.833   3.821573   3.821612    10.7493    10.7486      3.357      3.327      18.05    34.4100    34.4110     0.0010      8.046 5.6044e-01     0.0012     0.9023     0.1868     1.6093     1.5006     1.0806     2.2015     1.7485          1     21.373  0.000e+00
       5446    226.875   3.821534   3.821644    10.7489    10.7484      3.307      3.277      18.05    34.4099    34.4115     0.0016      7.924 5.5311e-01     0.0012     0.9023     0.1844     1.5849     1.5006     1.0806     2.2015     1.7485          1     21.324  0.000e+00
       5447    226.917   3.821521   3.821664    10.7489    10.7489      3.375      3.345      18.07    34.4097    34.4112     0.0014      7.863 5.3480e-01     0.0012     0.9035     0.1783     1.5726     1.5006     1.0806     2.2015     1.7485          1     21.415  0.000e+00
       5448    226.958   3.821521   3.821638    10.7488    10.7489      3.343      3.313      18.05    34.4099    34.4109     0.0010      7.967 5.2747e-01     0.0012     0.9023     0.1758     1.5934     1.5006     1.0806     2.2015     1.7485          1     21.360  0.000e+00
       5449    227.000   3.821521   3.821651    10.7486    10.7488      3.388      3.358      18.05    34.4100    34.4112     0.0012      8.077 5.0916e-01     0.0012     0.9023     0.1697     1.6154     1.5006     1.0806     2.2015     1.7485          1     21.404  0.000e+00
