data/input/seabird/stn_003.cnv
* Sea-Bird SBE 9 Data File:
* FileName = D:\SBE Data\Current\CEND_24_16\stn_003.hex
* Software Version Seasave V 7.23.2
* Temperature SN = 5558
* Conductivity SN = 4499
* Number of Bytes Per Scan = 37
* Number of Voltage Words = 4
* Number of Scans Averaged by the Deck Unit = 1
* NMEA Latitude = 53 31.77 N
* NMEA Longitude = 001 02.83 E
* NMEA UTC (Time) = Nov 12 2016 19:14:29
* NMEA baud rate = 4800
** Cruise: CEND_24_16
** Station: 003
** Site: Dowsing
** Operator: Tom Hull
** Pre recovery
# nquan = 25
# nvalues = 13129                                 
# units = specified
# name 0 = scan: Scan Count
# name 1 = timeS: Time, Elapsed [seconds]
# name 2 = c0S/m: Conductivity [S/m]
# name 3 = c1S/m: Conductivity, 2 [S/m]
# name 4 = t090C: Temperature [ITS-90, deg C]
# name 5 = t190C: Temperature, 2 [ITS-90, deg C]
# name 6 = prDM: Pressure, Digiquartz [db]
# name 7 = depSM: Depth [salt water, m]
# name 8 = altM: Altimeter [m]
# name 9 = sal00: Salinity, Practical [PSU]
# name 10 = sal11: Salinity, Practical, 2 [PSU]
# name 11 = secS-priS: Salinity, Practical, Difference, 2 - 1 [PSU]
# name 12 = seaTurbMtr: Turbidity, Seapoint [FTU]
# name 13 = flSP: Fluorescence, Seapoint
# name 14 = v0: Voltage 0
# name 15 = v1: Voltage 1
# name 16 = v2: Voltage 2
# name 17 = v3: Voltage 3
# name 18 = v4: Voltage 4
# name 19 = v5: Voltage 5
# name 20 = v6: Voltage 6
# name 21 = v7: Voltage 7
# name 22 = pumps: Pump Status
# name 23 = sfdSM: Seafloor depth [salt water, m]
# name 24 = flag:  0.000e+00
# span 0 =          1,      13129                 
# span 1 =      0.000,    547.000                 
# span 2 =   0.000479,   3.824035                 
# span 3 =   0.011475,   3.824185                 
# span 4 =     9.5508,    10.7663                 
# span 5 =     9.4004,    10.7662                 
# span 6 =     -0.504,     19.784                 
# span 7 =     -0.500,     19.607                 
# span 8 =       0.00,     100.00                 
# span 9 =     0.0067,    34.4121                 
# span 10 =     0.0775,    34.4446                
# span 11 =   -28.8243,    29.5171                
# span 12 =      6.734,     24.927                
# span 13 = 7.6923e-02, 1.4542e+00                
# span 14 =     0.0000,     0.7228                
# span 15 =     0.0000,     5.0000                
# span 16 =     0.0256,     0.4847                
# span 17 =     1.3468,     4.9853                
# span 18 =     1.4701,     1.5043                
# span 19 =     0.9976,     1.0830                
# span 20 =     2.1734,     2.2173                
# span 21 =     1.6349,     1.7570                
# span 22 =          0,          1                
# span 23 =     -0.355,     99.761                
# span 24 = 0.0000e+00, 0.0000e+00                
# interval = seconds: 0.0416667
# start_time = Nov 12 2016 19:14:29 [NMEA time, header]
# bad_flag = -9.990e-29
*END*
[from data line 10377]
      10378    432.375   3.823765   3.823935    10.7649    10.7649     16.043     15.900       5.05    34.4115    34.4132     0.0016     12.979 5.7875e-01     0.0024     0.2527     0.1929     2.5958     1.5018     1.0818     2.2088     1.7558          1     20.955  0.000e+00
      10379    432.417   3.823778   3.823889    10.7651    10.7652     16.070     15.927       5.08    34.4115    34.4125     0.0010     13.022 5.5678e-01     0.0037     0.2540     0.1856     2.6044     1.5031     1.0818     2.2088     1.7558          1     21.006  0.000e+00
      10380    432.458   3.823811   3.823870    10.7649    10.7649     16.011     15.868       5.10    34.4120    34.4125     0.0005     12.912 5.3114e-01     0.0024     0.2552     0.1770     2.5824     1.5018     1.0830     2.2088     1.7558          1     20.972  0.000e+00
      10381    432.500   3.823745   3.823922    10.7652    10.7651     16.043     15.900       5.13    34.4110    34.4129     0.0019     12.875 5.1648e-01     0.0024     0.2564     0.1722     2.5751     1.5031     1.0830     2.2088     1.7558          1     21.028  0.000e+00
      10382    432.542   3.823726   3.823942    10.7648    10.7651     16.011     15.868       5.13    34.4112    34.4131     0.0019     13.004 5.0916e-01     0.0024     0.2564     0.1697     2.6007     1.5031     1.0830     2.2100     1.7570          1     20.997  0.000e+00
      10383    432.583   3.823772   3.823883    10.7647    10.7651     16.007     15.864       5.13    34.4118    34.4125     0.0007     12.979 5.4945e-01     0.0024     0.2564     0.1832     2.5958     1.5031     1.0830     2.2088     1.7558          1     20.992  0.000e+00
      10384    432.625   3.823739   3.823896    10.7651    10.7650     15.975     15.832       5.13    34.4111    34.4128     0.0016     12.747 5.9341e-01     0.0024     0.2564     0.1978     2.5495     1.5031     1.0830     2.2100     1.7558          1     20.961  0.000e+00
      10385    432.667   3.823798   3.823902    10.7651    10.7651     15.975     15.832       5.18    34.4117    34.4127     0.0010     12.570 6.1905e-01     0.0024     0.2589     0.2063     2.5140     1.5018     1.0830     2.2088     1.7558          1     21.009  0.000e+00
      10386    432.708   3.823798   3.823883    10.7651    10.7648     15.975     15.832       5.18    34.4117    34.4129     0.0011     12.540 6.1538e-01     0.0024     0.2589     0.2051     2.5079     1.5031     1.0830     2.2088     1.7558          1     21.009  0.000e+00
      10387    432.750   3.823765   3.823915    10.7648    10.7651     15.970     15.828       5.18    34.4116    34.4128     0.0012     12.656 5.9341e-01     0.0037     0.2589     0.1978     2.5311     1.5031     1.0830     2.2100     1.7558          1     21.005  0.000e+00
      10388    432.792   3.823778   3.823915    10.7649    10.7651     15.975     15.832       5.18    34.4117    34.4128     0.0011     12.869 5.8974e-01     0.0024     0.2589     0.1966     2.5739     1.5018     1.0818     2.2088     1.7558          1     21.009  0.000e+00
      10389    432.833   3.823752   3.823876    10.7651    10.7652     15.943     15.801       5.20    34.4113    34.4124     0.0011     13.126 5.8974e-01     0.0037     0.2601     0.1966     2.6252     1.5018     1.0830     2.2088     1.7558          1     21.002  0.000e+00
      10390    432.875   3.823778   3.823922    10.7651    10.7648     15.943     15.801       5.23    34.4115    34.4133     0.0017     13.370 5.7875e-01     0.0024     0.2613     0.1929     2.6740     1.5031     1.0818     2.2088     1.7570          1     21.027  0.000e+00
      10391    432.917   3.823765   3.823915    10.7648    10.7651     15.939     15.796       5.23    34.4116    34.4129     0.0012     13.443 6.1172e-01     0.0024     0.2613     0.2039     2.6886     1.5018     1.0830     2.2088     1.7558          1     21.022  0.000e+00
      10392    432.958   3.823758   3.823928    10.7651    10.7651     15.943     15.801       5.23    34.4113    34.4130     0.0016     13.431 6.4835e-01     0.0037     0.2613     0.2161     2.6862     1.5031     1.0830     2.2100     1.7570          1     21.027  0.000e+00
      10393    433.000   3.823758   3.823915    10.7649    10.7649     15.943     15.801       5.23    34.4115    34.4130     0.0015     13.358 6.4469e-01     0.0024     0.2613     0.2149     2.6716     1.5031     1.0830     2.2100     1.7558          1     21.027  0.000e+00
      10394    433.042   3.823778   3.823928    10.7651    10.7653     15.907     15.765       5.25    34.4116    34.4129     0.0013     13.248 6.2637e-01     0.0024     0.2625     0.2088     2.6496     1.5031     1.0830     2.2088     1.7570          1     21.015  0.000e+00
      10395    433.083   3.823765   3.823915    10.7651    10.7649     15.939     15.796       5.30    34.4114    34.4131     0.0017     13.303 6.4835e-01     0.0024     0.2650     0.2161     2.6606     1.5031     1.0830     2.2088     1.7558          1     21.096  0.000e+00
      10396    433.125   3.823778   3.823902    10.7650    10.7649     15.875     15.734       5.30    34.4116    34.4129     0.0013     13.480 6.6667e-01     0.0037     0.2650     0.2222     2.6960     1.5031     1.0818     2.2088     1.7558          1     21.033  0.000e+00
      10397    433.167   3.823765   3.823928    10.7652    10.7651     15.907     15.765       5.30    34.4113    34.4130     0.0017     13.742 6.6300e-01     0.0024     0.2650     0.2210     2.7485     1.5031     1.0818     2.2100     1.7558          1     21.064  0.000e+00
      10398    433.208   3.823778   3.823909    10.7651    10.7649     15.875     15.734       5.30    34.4116    34.4130     0.0014     13.962 6.4469e-01     0.0024     0.2650     0.2149     2.7924     1.5018     1.0830     2.2088     1.7558          1     21.033  0.000e+00
      10399    433.250   3.823765   3.823902    10.7651    10.7651     15.907     15.765       5.32    34.4114    34.4127     0.0013     13.901 6.1172e-01     0.0024     0.2662     0.2039     2.7802     1.5031     1.0830     2.2088     1.7558          1     21.089  0.000e+00
      10400    433.292   3.823778   3.823902    10.7652    10.7652     15.875     15.734       5.35    34.4114    34.4127     0.0013     13.639 5.7509e-01     0.0024     0.2674     0.1917     2.7277     1.5018     1.0818     2.2088     1.7558          1     21.082  0.000e+00
      10401    433.333   3.823791   3.823928    10.7652    10.7651     15.907     15.765       5.35    34.4116    34.4130     0.0014     13.449 5.5678e-01     0.0037     0.2674     0.1856     2.6899     1.5018     1.0830     2.2088     1.7570          1     21.113  0.000e+00
      10402    433.375   3.823732   3.823941    10.7651    10.7651     15.875     15.734       5.35    34.4111    34.4132     0.0020     13.309 5.5311e-01     0.0024     0.2674     0.1844     2.6618     1.5018     1.0830     2.2088     1.7558          1     21.082  0.000e+00
      10403    433.417   3.823745   3.823935    10.7649    10.7651     15.871     15.729       5.35    34.4114    34.4131     0.0017     13.156 5.6044e-01     0.0037     0.2674     0.1868     2.6313     1.5018     1.0830     2.2100     1.7558          1     21.077  0.000e+00
      10404    433.458   3.823778   3.823915    10.7652    10.7651     15.875     15.734       5.37    34.4114    34.4129     0.0015     13.059 5.7143e-01     0.0024     0.2686     0.1905     2.6117     1.5031     1.0830     2.2088     1.7570          1     21.106  0.000e+00
      10405    433.500   3.823765   3.823928    10.7650    10.7654     15.844     15.702       5.40    34.4115    34.4128     0.0013     12.998 5.7509e-01     0.0037     0.2698     0.1917     2.5995     1.5031     1.0830     2.2088     1.7570          1     21.099  0.000e+00
      10406    433.542   3.823732   3.823889    10.7651    10.7651     15.875     15.734       5.40    34.4111    34.4126     0.0015     12.967 5.7509e-01     0.0037     0.2698     0.1917     2.5934     1.5031     1.0818     2.2100     1.7558          1     21.130  0.000e+00
      10407    433.583   3.823772   3.823915    10.7647    10.7651     15.871     15.729       5.40    34.4118    34.4129     0.0011     12.979 5.7143e-01     0.0037     0.2698     0.1905     2.5958     1.5031     1.0830     2.2088     1.7558          1     21.126  0.000e+00
      10408    433.625   3.823765   3.823915    10.7652    10.7651     15.844     15.702       5.40    34.4113    34.4129     0.0016     12.979 5.7143e-01     0.0037     0.2698     0.1905     2.5958     1.5031     1.0818     2.2100     1.7558          1     21.099  0.000e+00
      10409    433.667   3.823732   3.823948    10.7651    10.7653     15.875     15.734       5.45    34.4111    34.4131     0.0020     12.955 5.6777e-01     0.0024     0.2723     0.1893     2.5910     1.5031     1.0818     2.2100     1.7558          1     21.179  0.000e+00
      10410    433.708   3.823745   3.823922    10.7652    10.7649     15.844     15.702       5.45    34.4112    34.4131     0.0020     12.985 5.6410e-01     0.0024     0.2723     0.1880     2.5971     1.5018     1.0830     2.2100     1.7558          1     21.148  0.000e+00
      10411    433.750   3.823778   3.823883    10.7647    10.7652     15.839     15.698       5.47    34.4119    34.4125     0.0006     13.065 5.7143e-01     0.0024     0.2735     0.1905     2.6129     1.5031     1.0818     2.2088     1.7558          1     21.168  0.000e+00
      10412    433.792   3.823765   3.823915    10.7651    10.7651     15.844     15.702       5.45    34.4115    34.4129     0.0015     13.114 5.8974e-01     0.0024     0.2723     0.1966     2.6227     1.5018     1.0830     2.2100     1.7558          1     21.148  0.000e+00
      10413    433.833   3.823778   3.823915    10.7649    10.7651     15.844     15.702       5.47    34.4118    34.4129     0.0011     13.144 5.9707e-01     0.0024     0.2735     0.1990     2.6288     1.5031     1.0830     2.2088     1.7558          1     21.172  0.000e+00
      10414    433.875   3.823791   3.823928    10.7652    10.7653     15.807     15.666       5.49    34.4116    34.4129     0.0013     13.242 6.0806e-01     0.0024     0.2747     0.2027     2.6484     1.5031     1.0818     2.2088     1.7570          1     21.161  0.000e+00
      10415    433.917   3.823791   3.823915    10.7652    10.7651     15.839     15.698       5.49    34.4116    34.4129     0.0013     13.394 6.3004e-01     0.0024     0.2747     0.2100     2.6789     1.5031     1.0830     2.2100     1.7558          1     21.192  0.000e+00
      10416    433.958   3.823752   3.823928    10.7652    10.7652     15.844     15.702       5.49    34.4112    34.4130     0.0018     13.541 6.4835e-01     0.0024     0.2747     0.2161     2.7082     1.5018     1.0830     2.2100     1.7558          1     21.197  0.000e+00
      10417    434.000   3.823752   3.823915    10.7649    10.7651     15.807     15.666       5.49    34.4115    34.4129     0.0014     13.651 6.5201e-01     0.0024     0.2747     0.2173     2.7302     1.5018     1.0830     2.2100     1.7558          1     21.161  0.000e+00
      10418    434.042   3.823732   3.823902    10.7651    10.7653     15.807     15.666       5.52    34.4111    34.4127     0.0015     13.748 6.4835e-01     0.0037     0.2759     0.2161     2.7497     1.5031     1.0818     2.2100     1.7558          1     21.185  0.000e+00
      10419    434.083   3.823745   3.823902    10.7650    10.7649     15.803     15.662       5.52    34.4113    34.4130     0.0016     13.871 6.2637e-01     0.0024     0.2759     0.2088     2.7741     1.5018     1.0830     2.2088     1.7558          1     21.181  0.000e+00
      10420    434.125   3.823758   3.823902    10.7651    10.7651     15.776     15.635       5.54    34.4114    34.4128     0.0014     13.932 6.0440e-01     0.0024     0.2772     0.2015     2.7863     1.5031     1.0818     2.2088     1.7558          1     21.178  0.000e+00
      10421    434.167   3.823732   3.823902    10.7649    10.7652     15.807     15.666       5.54    34.4113    34.4127     0.0014     13.895 5.9707e-01     0.0024     0.2772     0.1990     2.7790     1.5031     1.0830     2.2100     1.7558          1     21.210  0.000e+00
      10422    434.208   3.823745   3.823909    10.7651    10.7653     15.744     15.603       5.54    34.4113    34.4128     0.0015     13.730 5.9341e-01     0.0024     0.2772     0.1978     2.7460     1.5031     1.0818     2.2088     1.7558          1     21.147  0.000e+00
      10423    434.250   3.823804   3.823902    10.7651    10.7651     15.771     15.630       5.57    34.4119    34.4128     0.0009     13.480 5.9707e-01     0.0037     0.2784     0.1990     2.6960     1.5018     1.0830     2.2088     1.7558          1     21.198  0.000e+00
      10424    434.292   3.823771   3.823902    10.7650    10.7651     15.776     15.635       5.59    34.4116    34.4128     0.0012     13.223 6.0073e-01     0.0024     0.2796     0.2002     2.6447     1.5031     1.0818     2.2100     1.7558          1     21.227  0.000e+00
      10425    434.333   3.823758   3.823928    10.7652    10.7651     15.776     15.635       5.59    34.4113    34.4131     0.0018     12.991 6.0806e-01     0.0024     0.2796     0.2027     2.5983     1.5031     1.0830     2.2088     1.7558          1     21.227  0.000e+00
      10426    434.375   3.823778   3.823935    10.7651    10.7653     15.744     15.603       5.59    34.4116    34.4130     0.0014     12.808 6.0440e-01     0.0024     0.2796     0.2015     2.5617     1.5031     1.0818     2.2088     1.7558          1     21.196  0.000e+00
      10427    434.417   3.823765   3.823935    10.7651    10.7652     15.739     15.599       5.59    34.4115    34.4131     0.0016     12.698 5.8608e-01     0.0024     0.2796     0.1954     2.5397     1.5031     1.0818     2.2100     1.7558          1     21.191  0.000e+00
      10428    434.458   3.823778   3.823935    10.7650    10.7651     15.744     15.603       5.62    34.4117    34.4131     0.0015     12.637 5.7143e-01     0.0037     0.2808     0.1905     2.5275     1.5031     1.0830     2.2088     1.7558          1     21.220  0.000e+00
      10429    434.500   3.823752   3.823909    10.7651    10.7649     15.744     15.603       5.64    34.4114    34.4131     0.0017     12.589 5.6044e-01     0.0024     0.2821     0.1868     2.5177     1.5031     1.0830     2.2100     1.7558          1     21.244  0.000e+00
      10430    434.542   3.823752   3.823902    10.7654    10.7653     15.708     15.568       5.64    34.4111    34.4127     0.0016     12.521 5.5678e-01     0.0037     0.2821     0.1856     2.5043     1.5031     1.0830     2.2100     1.7570          1     21.209  0.000e+00
      10431    434.583   3.823732   3.823883    10.7651    10.7651     15.703     15.563       5.64    34.4112    34.4126     0.0015     12.460 5.4579e-01     0.0024     0.2821     0.1819     2.4921     1.5031     1.0830     2.2088     1.7558          1     21.204  0.000e+00
      10432    434.625   3.823771   3.823915    10.7651    10.7652     15.708     15.567       5.64    34.4116    34.4129     0.0013     12.448 5.3114e-01     0.0024     0.2821     0.1770     2.4896     1.5018     1.0830     2.2088     1.7570          1     21.209  0.000e+00
      10433    434.667   3.823739   3.823915    10.7652    10.7653     15.708     15.567       5.69    34.4112    34.4128     0.0017     12.454 5.1648e-01     0.0024     0.2845     0.1722     2.4908     1.5018     1.0818     2.2100     1.7570          1     21.257  0.000e+00
      10434    434.708   3.823771   3.823902    10.7652    10.7651     15.640     15.500       5.69    34.4115    34.4129     0.0014     12.399 5.1282e-01     0.0024     0.2845     0.1709     2.4799     1.5031     1.0830     2.2088     1.7558          1     21.190  0.000e+00
