data/input/seabird/tan1802_094_ctd_converted.cnv
* Sea-Bird SBE37 Data File:
* FileName = C:\Users\useradmin.NIWA-34334\Desktop\TAN1802_mCat_CTD\raw\tan1802_094_ctd.asc
* Software Version 1.59
* Temperature SN = 5838
* Conductivity SN = 5838
* System UpLoad Time = Feb 23 2018 20:17:53
** Trip=tan1802
** Station = 094
** Date = 23 Feb 2018
** Time = 1845 NZST
# nquan = 8                                 
# nvalues = 705                         
# units = metric
# name 0 = t090: temperature, ITS-90 [deg C]
# name 1 = c0S/m: conductivity [S/m]
# name 2 = pr: pressure [db]
# name 3 = timeJ: time [julian days]
# name 4 = depSM: Depth [salt water, m], lat = -65
# name 5 = svWM: Sound Velocity [Wilson, m/s]
# name 6 = sal00: Salinity, Practical [PSU]
# name 7 = flag: flag
# span 0 =    -1.6127,     1.4879       
# span 1 =   0.013240,   3.010880       
# span 2 =     -0.510,    809.825       
# span 3 =  54.719387,  54.800833       
# span 4 =     -0.505,    800.324       
# span 5 =    1397.14,    1462.68       
# span 6 =     0.1143,    34.7468       
# span 7 = 0.0000e+00, 0.0000e+00       
# interval = seconds: 10
# start_time = Feb 23 2017 17:15:55
# bad_flag = -9.990e-29
*END*
     1.3728   0.013720     -0.439  54.719387     -0.435    1409.32     0.1146 0.0000e+00
     1.4677   0.013730     -0.439  54.719491     -0.435    1409.78     0.1143 0.0000e+00
     1.4879   0.013730     -0.439  54.719606     -0.435    1409.87     0.1143 0.0000e+00
     1.4486   0.013740     -0.439  54.719722     -0.435    1409.68     0.1145 0.0000e+00
     1.2704   0.013740     -0.439  54.719838     -0.435    1408.82     0.1151 0.0000e+00
     1.1671   0.013750     -0.439  54.719954     -0.435    1408.32     0.1155 0.0000e+00
     1.2052   0.013760     -0.439  54.720069     -0.435    1408.51     0.1155 0.0000e+00
     1.1870   0.013750     -0.439  54.720185     -0.435    1408.42     0.1154 0.0000e+00
     1.1258   0.013750     -0.439  54.720301     -0.435    1408.12     0.1156 0.0000e+00
     1.1011   0.013750     -0.439  54.720417     -0.435    1408.00     0.1157 0.0000e+00
     1.0876   0.013750     -0.439  54.720532     -0.435    1407.93     0.1158 0.0000e+00
     1.0584   0.013760     -0.439  54.720648     -0.435    1407.79     0.1160 0.0000e+00
     1.0892   0.013750     -0.439  54.720764     -0.435    1407.94     0.1158 0.0000e+00
     1.0846   0.013760     -0.439  54.720880     -0.435    1407.92     0.1159 0.0000e+00
     1.0964   0.013760     -0.439  54.720995     -0.435    1407.98     0.1158 0.0000e+00
     1.0872   0.013770     -0.439  54.721111     -0.435    1407.93     0.1159 0.0000e+00
     1.1168   0.013760     -0.439  54.721227     -0.435    1408.08     0.1158 0.0000e+00
     1.1068   0.013760     -0.439  54.721343     -0.435    1408.03     0.1158 0.0000e+00
     1.1049   0.013750     -0.439  54.721458     -0.435    1408.02     0.1157 0.0000e+00
     1.1092   0.013750     -0.439  54.721574     -0.435    1408.04     0.1157 0.0000e+00
     1.0990   0.013760     -0.439  54.721690     -0.435    1407.99     0.1158 0.0000e+00
     1.0528   0.013760     -0.439  54.721806     -0.435    1407.77     0.1160 0.0000e+00
     1.0982   0.013760     -0.439  54.721921     -0.435    1407.99     0.1158 0.0000e+00
     1.0269   0.013750     -0.439  54.722037     -0.435    1407.64     0.1160 0.0000e+00
     1.0682   0.013750     -0.439  54.722153     -0.435    1407.84     0.1158 0.0000e+00
     1.0801   0.013750     -0.439  54.722269     -0.435    1407.90     0.1158 0.0000e+00
     1.0510   0.013750     -0.439  54.722384     -0.435    1407.76     0.1159 0.0000e+00
     1.0127   0.013740     -0.439  54.722500     -0.435    1407.57     0.1159 0.0000e+00
     0.9942   0.013750     -0.439  54.722616     -0.435    1407.48     0.1161 0.0000e+00
     0.9598   0.013740     -0.439  54.722731     -0.435    1407.31     0.1161 0.0000e+00
     1.0160   0.013740     -0.439  54.722847     -0.435    1407.59     0.1159 0.0000e+00
     1.0251   0.013720     -0.439  54.722963     -0.435    1407.63     0.1157 0.0000e+00
     1.0159   0.013720     -0.439  54.723079     -0.435    1407.59     0.1157 0.0000e+00
     0.9709   0.013730     -0.439  54.723194     -0.435    1407.37     0.1160 0.0000e+00
     0.9208   0.013710     -0.439  54.723310     -0.435    1407.12     0.1160 0.0000e+00
     0.9251   0.013710     -0.439  54.723426     -0.435    1407.14     0.1160 0.0000e+00
     0.9016   0.013700     -0.439  54.723542     -0.435    1407.03     0.1160 0.0000e+00
     0.9025   0.013700     -0.439  54.723657     -0.435    1407.03     0.1160 0.0000e+00
     0.8532   0.013700     -0.439  54.723773     -0.435    1406.79     0.1161 0.0000e+00
     0.8940   0.013700     -0.439  54.723889     -0.435    1406.99     0.1160 0.0000e+00
     0.9010   0.013700     -0.439  54.724005     -0.435    1407.03     0.1160 0.0000e+00
     0.9131   0.013680     -0.439  54.724120     -0.435    1407.08     0.1157 0.0000e+00
     0.9297   0.013680     -0.439  54.724236     -0.435    1407.16     0.1157 0.0000e+00
     0.9499   0.013680     -0.439  54.724352     -0.435    1407.26     0.1156 0.0000e+00
     0.9266   0.013680     -0.439  54.724468     -0.435    1407.15     0.1157 0.0000e+00
     0.9378   0.013660     -0.439  54.724583     -0.435    1407.20     0.1155 0.0000e+00
     0.9549   0.013670     -0.439  54.724699     -0.435    1407.29     0.1155 0.0000e+00
     0.9423   0.013660     -0.439  54.724815     -0.435    1407.23     0.1155 0.0000e+00
     0.8890   0.013690     -0.439  54.724931     -0.435    1406.97     0.1159 0.0000e+00
     0.4887   0.013680     -0.439  54.725046     -0.435    1405.01     0.1172 0.0000e+00
     0.1920   0.013670     -0.403  54.725162     -0.399    1403.54     0.1182 0.0000e+00
    -0.0847   0.013660     -0.403  54.725278     -0.399    1402.17     0.1191 0.0000e+00
    -0.2009   0.013650     -0.403  54.725394     -0.399    1401.59     0.1194 0.0000e+00
    -0.2295   0.013650     -0.403  54.725509     -0.399    1401.45     0.1195 0.0000e+00
    -0.2393   0.013630     -0.403  54.725625     -0.399    1401.40     0.1193 0.0000e+00
    -0.2459   0.013610     -0.403  54.725741     -0.399    1401.37     0.1192 0.0000e+00
    -0.2645   0.013600     -0.403  54.725856     -0.399    1401.28     0.1191 0.0000e+00
    -0.2662   0.013580     -0.403  54.725972     -0.399    1401.27     0.1190 0.0000e+00
    -0.2679   0.013570     -0.403  54.726088     -0.399    1401.26     0.1189 0.0000e+00
    -0.1992   0.013550     -0.403  54.726204     -0.399    1401.60     0.1185 0.0000e+00
    -0.2740   0.013530     -0.403  54.726319     -0.399    1401.23     0.1185 0.0000e+00
    -0.2821   0.013540     -0.403  54.726435     -0.399    1401.19     0.1187 0.0000e+00
    -0.3281   0.013510     -0.403  54.726551     -0.399    1400.96     0.1185 0.0000e+00
    -0.3198   0.013500     -0.403  54.726667     -0.399    1401.00     0.1184 0.0000e+00
    -0.3607   0.013480     -0.403  54.726782     -0.399    1400.79     0.1184 0.0000e+00
    -0.3994   0.013480     -0.403  54.726898     -0.399    1400.60     0.1185 0.0000e+00
    -0.4020   0.013460     -0.403  54.727014     -0.399    1400.59     0.1183 0.0000e+00
    -0.4169   0.013450     -0.403  54.727130     -0.399    1400.51     0.1183 0.0000e+00
    -0.3954   0.013430     -0.403  54.727245     -0.399    1400.62     0.1180 0.0000e+00
    -0.4094   0.013420     -0.403  54.727361     -0.399    1400.55     0.1180 0.0000e+00
    -0.4267   0.013400     -0.403  54.727477     -0.399    1400.46     0.1179 0.0000e+00
    -0.4627   0.013380     -0.403  54.727593     -0.399    1400.28     0.1178 0.0000e+00
    -0.4541   0.013360     -0.403  54.727708     -0.399    1400.33     0.1176 0.0000e+00
    -0.4339   0.013340     -0.403  54.727824     -0.399    1400.43     0.1173 0.0000e+00
    -0.4419   0.013340     -0.403  54.727940     -0.399    1400.39     0.1174 0.0000e+00
    -0.4274   0.013330     -0.403  54.728056     -0.399    1400.46     0.1172 0.0000e+00
    -0.4500   0.013310     -0.403  54.728171     -0.399    1400.35     0.1171 0.0000e+00
    -0.4419   0.013300     -0.403  54.728287     -0.399    1400.39     0.1170 0.0000e+00
    -0.4432   0.013300     -0.403  54.728403     -0.399    1400.38     0.1170 0.0000e+00
    -0.4787   0.013270     -0.403  54.728519     -0.399    1400.20     0.1169 0.0000e+00
    -0.4927   0.013270     -0.403  54.728634     -0.399    1400.13     0.1169 0.0000e+00
    -0.4978   0.013250     -0.403  54.728750     -0.399    1400.11     0.1167 0.0000e+00
    -0.4334   0.013250     -0.403  54.728866     -0.399    1400.43     0.1165 0.0000e+00
    -0.3356   0.013240     -0.403  54.728981     -0.399    1400.92     0.1161 0.0000e+00
    -0.7431   0.013240     -0.403  54.729097     -0.399    1398.88     0.1175 0.0000e+00
    -1.1527   1.389780      1.383  54.729213      1.369    1418.16    16.2702 0.0000e+00
    -1.1896   2.657370      4.668  54.729329      4.622    1441.08    33.0141 0.0000e+00
    -1.1937   2.759380      8.132  54.729444      8.052    1443.09    34.4149 0.0000e+00
    -1.1988   2.757320     12.096  54.729560     11.977    1443.10    34.3899 0.0000e+00
    -1.2166   2.761790     16.489  54.729676     16.327    1443.20    34.4691 0.0000e+00
    -1.2223   2.764050     20.381  54.729792     20.180    1443.29    34.5043 0.0000e+00
    -1.2229   2.767430     20.596  54.729907     20.393    1443.35    34.5514 0.0000e+00
    -1.2272   2.766060     21.131  54.730023     20.923    1443.32    34.5371 0.0000e+00
    -1.2265   2.765700     20.667  54.730139     20.463    1443.31    34.5317 0.0000e+00
    -1.2250   2.764880     19.989  54.730255     19.792    1443.29    34.5191 0.0000e+00
    -1.2293   2.758570     20.239  54.730370     20.040    1443.16    34.4371 0.0000e+00
    -1.2283   2.758950     20.989  54.730486     20.782    1443.18    34.4406 0.0000e+00
    -1.2272   2.760610     20.274  54.730602     20.074    1443.20    34.4627 0.0000e+00
    -1.2286   2.753380     20.310  54.730718     20.110    1443.06    34.3648 0.0000e+00
    -1.2276   2.751300     20.310  54.730833     20.110    1443.02    34.3350 0.0000e+00
    -1.2278   2.746780     20.060  54.730949     19.862    1442.93    34.2733 0.0000e+00
    -1.2285   2.747870     20.024  54.731065     19.827    1442.95    34.2891 0.0000e+00
    -1.2290   2.749810     19.167  54.731181     18.978    1442.97    34.3169 0.0000e+00
    -1.2292   2.746790     19.596  54.731296     19.403    1442.92    34.2753 0.0000e+00
    -1.2318   2.736730     20.024  54.731412     19.827    1442.72    34.1397 0.0000e+00
    -1.2330   2.738250     20.096  54.731528     19.898    1442.75    34.1619 0.0000e+00
    -1.2308   2.737440     20.131  54.731644     19.933    1442.74    34.1483 0.0000e+00
    -1.2332   2.733540     22.810  54.731759     22.585    1442.70    34.0957 0.0000e+00
    -1.2363   2.730800     27.345  54.731875     27.075    1442.71    34.0587 0.0000e+00
    -1.2424   2.727760     32.881  54.731991     32.556    1442.71    34.0204 0.0000e+00
    -1.2524   2.727400     37.952  54.732106     37.577    1442.76    34.0237 0.0000e+00
    -1.2544   2.727290     44.344  54.732222     43.905    1442.85    34.0204 0.0000e+00
    -1.2661   2.727180     51.165  54.732338     50.657    1442.91    34.0279 0.0000e+00
    -1.2684   2.726950     59.486  54.732454     58.894    1443.03    34.0221 0.0000e+00
    -1.2704   2.729120     68.092  54.732569     67.413    1443.20    34.0488 0.0000e+00
    -1.2936   2.732420     75.342  54.732685     74.590    1443.31    34.1161 0.0000e+00
    -1.3217   2.740620     83.770  54.732801     82.932    1443.51    34.2558 0.0000e+00
    -1.4932   2.729770     93.805  54.732917     92.864    1442.93    34.2967 0.0000e+00
    -1.5479   2.730800    101.126  54.733032    100.110    1442.89    34.3694 0.0000e+00
    -1.5359   2.731580    109.125  54.733148    108.027    1443.07    34.3612 0.0000e+00
    -1.5833   2.728760    118.053  54.733264    116.862    1443.01    34.3712 0.0000e+00
    -1.6024   2.728090    125.017  54.733380    123.754    1443.04    34.3795 0.0000e+00
    -1.6127   2.727750    132.516  54.733495    131.175    1443.12    34.3819 0.0000e+00
    -1.4749   2.737380    141.623  54.733611    140.187    1443.87    34.3505 0.0000e+00
    -1.3632   2.748770    151.765  54.733727    150.222    1444.60    34.3728 0.0000e+00
    -1.2635   2.761120    161.657  54.733843    160.010    1445.30    34.4219 0.0000e+00
    -1.0691   2.775580    168.799  54.733958    167.076    1446.28    34.3926 0.0000e+00
    -0.8772   2.792750    173.156  54.734074    171.387    1447.27    34.4045 0.0000e+00
    -0.7807   2.800300    179.084  54.734190    177.252    1447.80    34.3933 0.0000e+00
    -0.6522   2.813730    185.727  54.734306    183.824    1448.55    34.4246 0.0000e+00
    -0.5252   2.823940    193.869  54.734421    191.878    1449.25    34.4130 0.0000e+00
    -0.2813   2.851200    202.440  54.734537    200.357    1450.63    34.4968 0.0000e+00
    -0.1892   2.857030    210.761  54.734653    208.588    1451.15    34.4654 0.0000e+00
     0.0060   2.871210    218.225  54.734769    215.972    1452.12    34.4293 0.0000e+00
     0.1476   2.887430    226.045  54.734884    223.707    1452.96    34.4800 0.0000e+00
     0.3447   2.903770    234.652  54.735000    232.220    1453.99    34.4689 0.0000e+00
     0.4763   2.918440    243.187  54.735116    240.661    1454.78    34.5089 0.0000e+00
     0.5271   2.925780    251.472  54.735231    248.855    1455.19    34.5431 0.0000e+00
     0.6321   2.936730    260.757  54.735347    258.038    1455.85    34.5631 0.0000e+00
     0.6725   2.940380    268.507  54.735463    265.702    1456.16    34.5609 0.0000e+00
     0.6782   2.942270    277.613  54.735579    274.707    1456.35    34.5737 0.0000e+00
     0.7584   2.953030    286.934  54.735694    283.924    1456.93    34.6185 0.0000e+00
     0.9019   2.965910    297.076  54.735810    293.952    1457.74    34.6195 0.0000e+00
     0.9087   2.965540    305.933  54.735926    302.710    1457.89    34.6020 0.0000e+00
     0.9029   2.969270    314.896  54.736042    311.572    1458.08    34.6513 0.0000e+00
     0.9925   2.976120    324.610  54.736157    321.176    1458.62    34.6344 0.0000e+00
     1.0116   2.977560    333.681  54.736273    330.143    1458.84    34.6265 0.0000e+00
     1.0607   2.983690    342.894  54.736389    339.251    1459.24    34.6455 0.0000e+00
     1.1005   2.987550    352.251  54.736505    348.501    1459.57    34.6455 0.0000e+00
     1.1635   2.995500    362.643  54.736620    358.773    1460.06    34.6716 0.0000e+00
     1.1440   2.994220    373.606  54.736736    369.610    1460.15    34.6705 0.0000e+00
     1.2070   2.999860    383.356  54.736852    379.246    1460.59    34.6673 0.0000e+00
     1.1374   2.995480    393.748  54.736968    389.517    1460.47    34.6823 0.0000e+00
     1.1415   2.996360    404.354  54.737083    399.999    1460.66    34.6829 0.0000e+00
     1.1226   2.995430    414.103  54.737199    409.633    1460.75    34.6863 0.0000e+00
     1.1468   2.998460    424.460  54.737315    419.868    1461.03    34.6923 0.0000e+00
     1.1668   3.000860    435.423  54.737431    430.701    1461.30    34.6946 0.0000e+00
     1.1591   3.001170    445.708  54.737546    440.864    1461.45    34.7012 0.0000e+00
     1.1558   3.001130    454.672  54.737662    449.721    1461.58    34.6991 0.0000e+00
     1.1541   3.001420    459.207  54.737778    454.201    1461.65    34.7021 0.0000e+00
     1.1582   3.001990    465.493  54.737894    460.412    1461.77    34.7013 0.0000e+00
     1.1616   3.002780    471.742  54.738009    466.586    1461.89    34.7040 0.0000e+00
     1.1838   3.004880    477.456  54.738125    472.231    1462.08    34.7030 0.0000e+00
     1.2157   3.008160    483.670  54.738241    478.369    1462.33    34.7061 0.0000e+00
     1.2189   3.008920    490.241  54.738356    484.861    1462.46    34.7085 0.0000e+00
     1.2051   3.007410    496.776  54.738472    491.316    1462.49    34.7008 0.0000e+00
     1.1620   3.004320    503.740  54.738588    498.195    1462.42    34.7049 0.0000e+00
     1.1409   3.003100    510.632  54.738704    505.003    1462.45    34.7087 0.0000e+00
     1.1241   3.002240    516.989  54.738819    511.282    1462.48    34.7127 0.0000e+00
     1.1092   3.001180    524.024  54.738935    518.231    1462.53    34.7116 0.0000e+00
     1.0645   2.997070    534.059  54.739051    528.142    1462.48    34.7026 0.0000e+00
     1.0122   2.992280    544.737  54.739167    538.688    1462.41    34.6930 0.0000e+00
     0.9637   2.989680    554.986  54.739282    548.810    1462.38    34.7075 0.0000e+00
     0.8969   2.986540    564.771  54.739398    558.473    1462.29    34.7357 0.0000e+00
     0.8318   2.980000    574.413  54.739514    567.994    1462.13    34.7182 0.0000e+00
     0.8282   2.979790    583.948  54.739630    577.409    1462.26    34.7140 0.0000e+00
     0.7962   2.976910    594.412  54.739745    587.741    1462.28    34.7064 0.0000e+00
     0.7624   2.974160    605.054  54.739861    598.249    1462.30    34.7024 0.0000e+00
     0.6494   2.966180    614.768  54.739977    607.839    1461.98    34.7194 0.0000e+00
