data/input/seabird/tan1802_094_ctd_converted.cnv
* Sea-Bird SBE37 Data File:
* FileName = C:\Users\useradmin.NIWA-34334\Desktop\TAN1802_mCat_CTD\raw\tan1802_094_ctd.asc
* Software Version 1.59
* Temperature SN = 5838
* Conductivity SN = 5838
* System UpLoad Time = Feb 23 2018 20:17:53
** Trip=tan1802
** Station = 094
** Date = 23 Feb 2018
** Time = 1845 NZST
# nquan = 8                                 
# nvalues = 705                         
# units = metric
# name 0 = t090: temperature, ITS-90 [deg C]
# name 1 = c0S/m: conductivity [S/m]
# name 2 = pr: pressure [db]
# name 3 = timeJ: time [julian days]
# name 4 = depSM: Depth [salt water, m], lat = -65
# name 5 = svWM: Sound Velocity [Wilson, m/s]
# name 6 = sal00: Salinity, Practical [PSU]
# name 7 = flag: flag
# span 0 =    -1.6127,     1.4879       
# span 1 =   0.013240,   3.010880       
# span 2 =     -0.510,    809.825       
# span 3 =  54.719387,  54.800833       
# span 4 =     -0.505,    800.324       
# span 5 =    1397.14,    1462.68       
# span 6 =     0.1143,    34.7468       
# span 7 = 0.0000e+00, 0.0000e+00       
# interval = seconds: 10
# start_time = Feb 23 2017 17:15:55
# bad_flag = -9.990e-29
*END*
[from data line 360]
    -0.0867   2.907390    806.754  54.761042    797.295    1461.73    34.6639 0.0000e+00
    -0.0873   2.907350    807.075  54.761157    797.611    1461.74    34.6638 0.0000e+00
    -0.0869   2.907380    807.397  54.761273    797.929    1461.74    34.6636 0.0000e+00
    -0.0872   2.907400    807.325  54.761389    797.858    1461.74    34.6642 0.0000e+00
    -0.0871   2.907370    807.325  54.761505    797.858    1461.74    34.6637 0.0000e+00
    -0.0873   2.907330    807.111  54.761620    797.647    1461.74    34.6635 0.0000e+00
    -0.0870   2.907380    806.861  54.761736    797.400    1461.73    34.6640 0.0000e+00
    -0.0867   2.907330    806.183  54.761852    796.731    1461.72    34.6634 0.0000e+00
    -0.0870   2.907350    806.825  54.761968    797.365    1461.73    34.6636 0.0000e+00
    -0.0870   2.907410    808.325  54.762083    798.844    1461.76    34.6636 0.0000e+00
    -0.0867   2.907430    808.504  54.762199    799.021    1461.76    34.6634 0.0000e+00
    -0.0866   2.907440    808.254  54.762315    798.774    1461.76    34.6635 0.0000e+00
    -0.0866   2.907490    809.825  54.762431    800.324    1461.78    34.6633 0.0000e+00
    -0.0876   2.907390    808.432  54.762546    798.950    1461.76    34.6639 0.0000e+00
    -0.0883   2.907300    807.897  54.762662    798.422    1461.75    34.6638 0.0000e+00
    -0.0879   2.907310    807.254  54.762778    797.788    1461.74    34.6639 0.0000e+00
    -0.0878   2.907380    808.468  54.762894    798.985    1461.76    34.6640 0.0000e+00
    -0.0880   2.907300    807.754  54.763009    798.281    1461.74    34.6636 0.0000e+00
    -0.0880   2.907280    806.968  54.763125    797.506    1461.73    34.6637 0.0000e+00
    -0.0879   2.907260    806.111  54.763241    796.660    1461.72    34.6639 0.0000e+00
    -0.0879   2.907260    806.433  54.763356    796.978    1461.72    34.6637 0.0000e+00
    -0.0878   2.907290    807.361  54.763472    797.893    1461.74    34.6634 0.0000e+00
    -0.0881   2.907350    808.647  54.763588    799.162    1461.76    34.6638 0.0000e+00
    -0.0880   2.907300    807.111  54.763704    797.647    1461.73    34.6639 0.0000e+00
    -0.0883   2.907240    806.968  54.763819    797.506    1461.73    34.6636 0.0000e+00
    -0.0881   2.907360    808.183  54.763935    798.704    1461.75    34.6642 0.0000e+00
    -0.0876   2.907390    808.218  54.764051    798.739    1461.75    34.6640 0.0000e+00
    -0.0881   2.907300    807.325  54.764167    797.858    1461.74    34.6639 0.0000e+00
    -0.0883   2.907260    807.290  54.764282    797.823    1461.73    34.6636 0.0000e+00
    -0.0882   2.907250    807.218  54.764398    797.752    1461.73    34.6634 0.0000e+00
    -0.0880   2.907270    807.040  54.764514    797.577    1461.73    34.6636 0.0000e+00
    -0.0878   2.907310    807.718  54.764630    798.245    1461.74    34.6635 0.0000e+00
    -0.0880   2.907240    806.147  54.764745    796.696    1461.72    34.6637 0.0000e+00
    -0.0884   2.907200    806.076  54.764861    796.626    1461.71    34.6637 0.0000e+00
    -0.0879   2.907250    807.218  54.764977    797.752    1461.73    34.6631 0.0000e+00
    -0.0883   2.907230    806.468  54.765093    797.012    1461.72    34.6637 0.0000e+00
    -0.0882   2.907270    806.683  54.765208    797.225    1461.73    34.6640 0.0000e+00
    -0.0880   2.907210    806.147  54.765324    796.696    1461.72    34.6633 0.0000e+00
    -0.0883   2.907170    805.683  54.765440    796.238    1461.71    34.6634 0.0000e+00
    -0.0882   2.907150    805.004  54.765556    795.568    1461.70    34.6634 0.0000e+00
    -0.0883   2.907210    806.004  54.765671    796.555    1461.71    34.6637 0.0000e+00
    -0.0880   2.907180    805.397  54.765787    795.956    1461.70    34.6633 0.0000e+00
    -0.0881   2.907200    806.218  54.765903    796.766    1461.72    34.6632 0.0000e+00
    -0.0878   2.907210    805.433  54.766019    795.992    1461.71    34.6635 0.0000e+00
    -0.0880   2.907200    805.754  54.766134    796.308    1461.71    34.6634 0.0000e+00
    -0.0879   2.907120    803.754  54.766250    794.335    1461.68    34.6634 0.0000e+00
    -0.0878   2.907140    803.647  54.766366    794.230    1461.68    34.6636 0.0000e+00
    -0.0880   2.907130    803.576  54.766481    794.160    1461.67    34.6637 0.0000e+00
    -0.0880   2.907080    803.183  54.766597    793.772    1461.67    34.6633 0.0000e+00
    -0.0880   2.907030    802.147  54.766713    792.750    1461.65    34.6632 0.0000e+00
    -0.0875   2.907100    802.540  54.766829    793.138    1461.66    34.6634 0.0000e+00
    -0.0873   2.907070    801.147  54.766944    791.764    1461.64    34.6636 0.0000e+00
    -0.0876   2.907060    801.147  54.767060    791.764    1461.64    34.6638 0.0000e+00
    -0.0876   2.906990    799.505  54.767176    790.144    1461.61    34.6638 0.0000e+00
    -0.0874   2.906960    799.326  54.767292    789.968    1461.61    34.6633 0.0000e+00
    -0.0872   2.906980    799.469  54.767407    790.109    1461.61    34.6632 0.0000e+00
    -0.0871   2.907120    801.612  54.767523    792.223    1461.65    34.6637 0.0000e+00
    -0.0868   2.907060    800.255  54.767639    790.884    1461.62    34.6634 0.0000e+00
    -0.0872   2.907000    799.755  54.767755    790.391    1461.61    34.6633 0.0000e+00
    -0.0871   2.907020    799.683  54.767870    790.320    1461.61    34.6635 0.0000e+00
    -0.0875   2.907000    799.255  54.767986    789.898    1461.61    34.6640 0.0000e+00
    -0.0872   2.906940    798.505  54.768102    789.158    1461.59    34.6633 0.0000e+00
    -0.0874   2.906890    797.398  54.768218    788.066    1461.57    34.6635 0.0000e+00
    -0.0869   2.906970    798.398  54.768333    789.052    1461.59    34.6634 0.0000e+00
    -0.0868   2.906980    798.647  54.768449    789.298    1461.60    34.6633 0.0000e+00
    -0.0868   2.907010    798.647  54.768565    789.298    1461.60    34.6637 0.0000e+00
    -0.0865   2.907010    798.112  54.768681    788.770    1461.59    34.6636 0.0000e+00
    -0.0865   2.906990    798.005  54.768796    788.665    1461.59    34.6634 0.0000e+00
    -0.0865   2.907030    798.540  54.768912    789.192    1461.60    34.6636 0.0000e+00
    -0.0864   2.907000    797.362  54.769028    788.030    1461.58    34.6638 0.0000e+00
    -0.0861   2.907040    798.076  54.769144    788.735    1461.59    34.6636 0.0000e+00
    -0.0862   2.907010    797.183  54.769259    787.854    1461.58    34.6638 0.0000e+00
    -0.0863   2.907000    797.398  54.769375    788.066    1461.58    34.6637 0.0000e+00
    -0.0857   2.907020    797.505  54.769491    788.171    1461.58    34.6632 0.0000e+00
    -0.0861   2.906970    796.576  54.769606    787.255    1461.57    34.6635 0.0000e+00
    -0.0862   2.906920    795.862  54.769722    786.551    1461.55    34.6634 0.0000e+00
    -0.0863   2.906930    796.076  54.769838    786.762    1461.56    34.6635 0.0000e+00
    -0.0860   2.906990    795.969  54.769954    786.656    1461.56    34.6640 0.0000e+00
    -0.0854   2.906970    796.005  54.770069    786.692    1461.56    34.6631 0.0000e+00
    -0.0855   2.906990    796.112  54.770185    786.797    1461.56    34.6634 0.0000e+00
    -0.0854   2.906880    793.684  54.770301    784.402    1461.52    34.6632 0.0000e+00
    -0.0850   2.906870    793.326  54.770417    784.049    1461.52    34.6629 0.0000e+00
    -0.0851   2.906950    794.505  54.770532    785.212    1461.54    34.6634 0.0000e+00
    -0.0848   2.907010    794.576  54.770648    785.282    1461.54    34.6638 0.0000e+00
    -0.0849   2.907030    794.469  54.770764    785.177    1461.54    34.6642 0.0000e+00
    -0.0846   2.906980    793.434  54.770880    784.156    1461.52    34.6638 0.0000e+00
    -0.0835   2.906990    792.648  54.770995    783.380    1461.51    34.6632 0.0000e+00
    -0.0845   2.906950    792.434  54.771111    783.169    1461.51    34.6639 0.0000e+00
    -0.0826   2.907000    790.720  54.771227    781.479    1461.49    34.6634 0.0000e+00
    -0.0848   2.906840    790.434  54.771343    781.196    1461.47    34.6639 0.0000e+00
    -0.0845   2.906870    790.827  54.771458    781.584    1461.48    34.6638 0.0000e+00
    -0.0849   2.906800    790.077  54.771574    780.844    1461.47    34.6637 0.0000e+00
    -0.0850   2.906770    790.005  54.771690    780.773    1461.46    34.6635 0.0000e+00
    -0.0848   2.906920    792.898  54.771806    783.627    1461.51    34.6636 0.0000e+00
    -0.0847   2.906970    793.291  54.771921    784.015    1461.52    34.6639 0.0000e+00
    -0.0844   2.906980    793.648  54.772037    784.367    1461.53    34.6635 0.0000e+00
    -0.0842   2.907030    793.934  54.772153    784.649    1461.53    34.6637 0.0000e+00
    -0.0842   2.907050    794.255  54.772269    784.966    1461.54    34.6638 0.0000e+00
    -0.0839   2.907120    795.183  54.772384    785.881    1461.55    34.6639 0.0000e+00
    -0.0835   2.907160    795.469  54.772500    786.163    1461.56    34.6638 0.0000e+00
    -0.0837   2.907160    795.755  54.772616    786.445    1461.57    34.6638 0.0000e+00
    -0.0840   2.907140    795.826  54.772731    786.515    1461.57    34.6639 0.0000e+00
    -0.0835   2.907170    796.076  54.772847    786.762    1461.57    34.6636 0.0000e+00
    -0.0841   2.907120    794.791  54.772963    785.494    1461.55    34.6643 0.0000e+00
    -0.0840   2.907130    795.291  54.773079    785.988    1461.56    34.6640 0.0000e+00
    -0.0834   2.907050    794.398  54.773194    785.107    1461.54    34.6628 0.0000e+00
    -0.0835   2.907170    796.219  54.773310    786.903    1461.57    34.6635 0.0000e+00
    -0.0830   2.907310    798.290  54.773426    788.946    1461.61    34.6636 0.0000e+00
    -0.0826   2.907320    798.148  54.773542    788.806    1461.61    34.6633 0.0000e+00
    -0.0826   2.907310    797.040  54.773657    787.713    1461.59    34.6638 0.0000e+00
    -0.0835   2.907190    796.148  54.773773    786.833    1461.57    34.6638 0.0000e+00
    -0.0840   2.907170    796.362  54.773889    787.044    1461.57    34.6639 0.0000e+00
    -0.0840   2.907200    797.290  54.774005    787.959    1461.59    34.6638 0.0000e+00
    -0.0835   2.907200    796.576  54.774120    787.255    1461.58    34.6637 0.0000e+00
    -0.0837   2.907200    796.255  54.774236    786.938    1461.57    34.6641 0.0000e+00
    -0.0835   2.907210    796.505  54.774352    787.185    1461.58    34.6638 0.0000e+00
    -0.0833   2.907200    795.969  54.774468    786.656    1461.57    34.6638 0.0000e+00
    -0.0835   2.907200    796.148  54.774583    786.833    1461.57    34.6639 0.0000e+00
    -0.0827   2.907230    796.112  54.774699    786.797    1461.58    34.6634 0.0000e+00
    -0.0829   2.907260    796.183  54.774815    786.867    1461.58    34.6640 0.0000e+00
    -0.0819   2.907290    795.862  54.774931    786.551    1461.57    34.6635 0.0000e+00
    -0.0817   2.907380    797.255  54.775046    787.925    1461.60    34.6636 0.0000e+00
    -0.0816   2.907310    794.898  54.775162    785.600    1461.56    34.6639 0.0000e+00
    -0.0814   2.907320    794.541  54.775278    785.248    1461.56    34.6641 0.0000e+00
    -0.0810   2.907330    794.469  54.775394    785.177    1461.56    34.6638 0.0000e+00
    -0.0810   2.907280    793.648  54.775509    784.367    1461.54    34.6636 0.0000e+00
    -0.0808   2.907270    792.077  54.775625    782.817    1461.52    34.6642 0.0000e+00
    -0.0804   2.907210    791.148  54.775741    781.901    1461.50    34.6635 0.0000e+00
    -0.0804   2.907300    792.862  54.775856    783.592    1461.53    34.6636 0.0000e+00
    -0.0800   2.907360    793.648  54.775972    784.367    1461.55    34.6635 0.0000e+00
    -0.0801   2.907350    793.434  54.776088    784.156    1461.54    34.6636 0.0000e+00
    -0.0805   2.907290    792.934  54.776204    783.663    1461.53    34.6636 0.0000e+00
    -0.0813   2.907210    791.934  54.776319    782.676    1461.51    34.6640 0.0000e+00
    -0.0810   2.907270    792.648  54.776435    783.380    1461.53    34.6640 0.0000e+00
    -0.0811   2.907300    792.898  54.776551    783.627    1461.53    34.6644 0.0000e+00
    -0.0812   2.907280    792.934  54.776667    783.663    1461.53    34.6642 0.0000e+00
    -0.0808   2.907320    793.505  54.776782    784.226    1461.54    34.6640 0.0000e+00
    -0.0810   2.907330    794.112  54.776898    784.825    1461.55    34.6640 0.0000e+00
    -0.0810   2.907340    793.862  54.777014    784.578    1461.55    34.6643 0.0000e+00
    -0.0808   2.907300    792.434  54.777130    783.169    1461.52    34.6643 0.0000e+00
    -0.0808   2.907210    791.612  54.777245    782.358    1461.51    34.6636 0.0000e+00
    -0.0807   2.907260    792.112  54.777361    782.852    1461.52    34.6639 0.0000e+00
    -0.0800   2.907390    793.612  54.777477    784.331    1461.55    34.6639 0.0000e+00
    -0.0809   2.907370    794.112  54.777593    784.825    1461.55    34.6644 0.0000e+00
    -0.0807   2.907310    793.112  54.777708    783.838    1461.54    34.6640 0.0000e+00
    -0.0803   2.907360    793.969  54.777824    784.684    1461.55    34.6637 0.0000e+00
    -0.0809   2.907260    792.148  54.777940    782.887    1461.52    34.6641 0.0000e+00
    -0.0804   2.907200    790.112  54.778056    780.879    1461.49    34.6639 0.0000e+00
    -0.0798   2.907220    790.291  54.778171    781.055    1461.49    34.6634 0.0000e+00
    -0.0805   2.907330    793.576  54.778287    784.296    1461.54    34.6637 0.0000e+00
    -0.0806   2.907400    794.255  54.778403    784.966    1461.56    34.6644 0.0000e+00
    -0.0803   2.907360    792.684  54.778519    783.416    1461.53    34.6644 0.0000e+00
    -0.0808   2.907250    790.791  54.778634    781.549    1461.50    34.6646 0.0000e+00
    -0.0810   2.907180    790.862  54.778750    781.619    1461.50    34.6639 0.0000e+00
    -0.0807   2.907240    791.577  54.778866    782.324    1461.51    34.6639 0.0000e+00
    -0.0805   2.907220    790.862  54.778981    781.619    1461.50    34.6639 0.0000e+00
    -0.0806   2.907260    791.434  54.779097    782.183    1461.51    34.6642 0.0000e+00
    -0.0804   2.907350    792.684  54.779213    783.416    1461.53    34.6644 0.0000e+00
    -0.0793   2.907380    791.719  54.779329    782.464    1461.52    34.6641 0.0000e+00
    -0.0805   2.907210    789.862  54.779444    780.632    1461.48    34.6643 0.0000e+00
    -0.0803   2.907230    790.398  54.779560    781.161    1461.49    34.6640 0.0000e+00
    -0.0797   2.907310    791.398  54.779676    782.147    1461.51    34.6638 0.0000e+00
    -0.0793   2.907410    792.934  54.779792    783.663    1461.54    34.6638 0.0000e+00
    -0.0798   2.907330    791.505  54.779907    782.253    1461.51    34.6642 0.0000e+00
    -0.0792   2.907480    793.434  54.780023    784.156    1461.55    34.6643 0.0000e+00
    -0.0806   2.907330    793.184  54.780139    783.909    1461.54    34.6641 0.0000e+00
    -0.0789   2.907560    794.255  54.780255    784.966    1461.56    34.6646 0.0000e+00
    -0.0789   2.907630    793.969  54.780370    784.684    1461.56    34.6657 0.0000e+00
    -0.0772   2.907630    793.791  54.780486    784.508    1461.56    34.6639 0.0000e+00
    -0.0782   2.907660    795.005  54.780602    785.705    1461.58    34.6647 0.0000e+00
    -0.0783   2.907600    795.219  54.780718    785.917    1461.58    34.6639 0.0000e+00
    -0.0797   2.907560    795.433  54.780833    786.128    1461.58    34.6648 0.0000e+00
    -0.0798   2.907550    795.648  54.780949    786.340    1461.58    34.6647 0.0000e+00
    -0.0791   2.907590    796.148  54.781065    786.833    1461.59    34.6641 0.0000e+00
    -0.0804   2.907510    796.683  54.781181    787.361    1461.60    34.6642 0.0000e+00
    -0.0798   2.907580    797.148  54.781296    787.819    1461.61    34.6642 0.0000e+00
    -0.0807   2.907510    796.719  54.781412    787.396    1461.60    34.6645 0.0000e+00
    -0.0813   2.907480    797.398  54.781528    788.066    1461.60    34.6644 0.0000e+00
    -0.0806   2.907610    798.933  54.781644    789.580    1461.63    34.6644 0.0000e+00
