data/input/seabird/tan1802_094_ctd_converted.cnv
* Sea-Bird SBE37 Data File:
* FileName = C:\Users\useradmin.NIWA-34334\Desktop\TAN1802_mCat_CTD\raw\tan1802_094_ctd.asc
* Software Version 1.59
* Temperature SN = 5838
* Conductivity SN = 5838
* System UpLoad Time = Feb 23 2018 20:17:53
** Trip=tan1802
** Station = 094
** Date = 23 Feb 2018
** Time = 1845 NZST
# nquan = 8                                 
# nvalues = 705                         
# units = metric
# name 0 = t090: temperature, ITS-90 [deg C]
# name 1 = c0S/m: conductivity [S/m]
# name 2 = pr: pressure [db]
# name 3 = timeJ: time [julian days]
# name 4 = depSM: Depth [salt water, m], lat = -65
# name 5 = svWM: Sound Velocity [Wilson, m/s]
# name 6 = sal00: Salinity, Practical [PSU]
# name 7 = flag: flag
# span 0 =    -1.6127,     1.4879       
# span 1 =   0.013240,   3.010880       
# span 2 =     -0.510,    809.825       
# span 3 =  54.719387,  54.800833       
# span 4 =     -0.505,    800.324       
# span 5 =    1397.14,    1462.68       
# span 6 =     0.1143,    34.7468       
# span 7 = 0.0000e+00, 0.0000e+00       
# interval = seconds: 10
# start_time = Feb 23 2017 17:15:55
# bad_flag = -9.990e-29
*END*
[from data line 540]
    -0.0804   2.907620    799.647  54.781875    790.284    1461.64    34.6639 0.0000e+00
    -0.0804   2.907620    799.147  54.781991    789.791    1461.64    34.6642 0.0000e+00
    -0.0804   2.907620    799.076  54.782106    789.721    1461.64    34.6643 0.0000e+00
    -0.0812   2.907560    798.790  54.782222    789.439    1461.63    34.6645 0.0000e+00
    -0.0819   2.907500    799.362  54.782338    790.003    1461.63    34.6642 0.0000e+00
    -0.0814   2.907530    799.183  54.782454    789.827    1461.63    34.6641 0.0000e+00
    -0.0804   2.907650    800.040  54.782569    790.672    1461.65    34.6641 0.0000e+00
    -0.0805   2.907680    800.433  54.782685    791.060    1461.66    34.6644 0.0000e+00
    -0.0800   2.907670    799.576  54.782801    790.214    1461.65    34.6642 0.0000e+00
    -0.0805   2.907660    800.362  54.782917    790.990    1461.66    34.6642 0.0000e+00
    -0.0812   2.907580    799.755  54.783032    790.391    1461.64    34.6642 0.0000e+00
    -0.0809   2.907590    799.112  54.783148    789.757    1461.63    34.6644 0.0000e+00
    -0.0811   2.907550    798.612  54.783264    789.263    1461.63    34.6644 0.0000e+00
    -0.0805   2.907530    797.933  54.783380    788.594    1461.62    34.6639 0.0000e+00
    -0.0810   2.907550    798.826  54.783495    789.475    1461.63    34.6642 0.0000e+00
    -0.0806   2.907560    798.505  54.783611    789.158    1461.63    34.6640 0.0000e+00
    -0.0810   2.907600    799.755  54.783727    790.391    1461.64    34.6643 0.0000e+00
    -0.0811   2.907650    801.076  54.783843    791.694    1461.67    34.6643 0.0000e+00
    -0.0810   2.907630    800.897  54.783958    791.517    1461.66    34.6640 0.0000e+00
    -0.0807   2.907630    800.040  54.784074    790.672    1461.65    34.6642 0.0000e+00
    -0.0808   2.907640    800.576  54.784190    791.201    1461.66    34.6641 0.0000e+00
    -0.0804   2.907720    802.433  54.784306    793.032    1461.69    34.6636 0.0000e+00
    -0.0805   2.907720    802.469  54.784421    793.068    1461.69    34.6637 0.0000e+00
    -0.0808   2.907690    801.790  54.784537    792.398    1461.68    34.6641 0.0000e+00
    -0.0802   2.907670    799.969  54.784653    790.602    1461.65    34.6642 0.0000e+00
    -0.0805   2.907670    800.969  54.784769    791.588    1461.67    34.6639 0.0000e+00
    -0.0805   2.907700    801.183  54.784884    791.799    1461.67    34.6642 0.0000e+00
    -0.0801   2.907810    803.219  54.785000    793.808    1461.71    34.6640 0.0000e+00
    -0.0798   2.907680    800.076  54.785116    790.708    1461.65    34.6638 0.0000e+00
    -0.0797   2.907390    793.576  54.785231    784.296    1461.55    34.6636 0.0000e+00
    -0.0780   2.907270    788.470  54.785347    779.259    1461.47    34.6631 0.0000e+00
    -0.0794   2.907050    785.291  54.785463    776.123    1461.41    34.6636 0.0000e+00
    -0.0781   2.906730    779.006  54.785579    769.923    1461.31    34.6616 0.0000e+00
    -0.0759   2.906640    772.542  54.785694    763.546    1461.21    34.6617 0.0000e+00
    -0.0664   2.907030    765.614  54.785810    756.711    1461.14    34.6602 0.0000e+00
    -0.0640   2.907090    759.400  54.785926    750.581    1461.05    34.6619 0.0000e+00
    -0.0587   2.907120    753.365  54.786042    744.627    1460.97    34.6598 0.0000e+00
    -0.0471   2.907990    747.615  54.786157    738.954    1460.93    34.6616 0.0000e+00
    -0.0426   2.908120    743.687  54.786273    735.078    1460.89    34.6605 0.0000e+00
    -0.0380   2.908280    737.688  54.786389    729.159    1460.81    34.6610 0.0000e+00
     0.0022   2.909770    731.331  54.786505    722.886    1460.86    34.6391 0.0000e+00
     0.0304   2.912420    723.153  54.786620    714.817    1460.86    34.6471 0.0000e+00
     0.0608   2.914620    716.225  54.786736    707.981    1460.88    34.6459 0.0000e+00
     0.0754   2.916770    711.297  54.786852    703.118    1460.89    34.6607 0.0000e+00
     0.0858   2.917290    704.333  54.786968    696.245    1460.82    34.6599 0.0000e+00
     0.0840   2.918000    697.405  54.787083    689.408    1460.72    34.6753 0.0000e+00
     0.1188   2.919290    689.941  54.787199    682.042    1460.73    34.6575 0.0000e+00
     0.0443   2.913440    680.477  54.787315    672.702    1460.25    34.6698 0.0000e+00
    -0.0309   2.907290    673.799  54.787431    666.111    1459.81    34.6772 0.0000e+00
     0.0710   2.913070    667.264  54.787546    659.661    1460.11    34.6426 0.0000e+00
     0.1578   2.919680    658.729  54.787662    651.236    1460.36    34.6371 0.0000e+00
     0.2460   2.925240    649.694  54.787778    642.318    1460.58    34.6164 0.0000e+00
     0.4979   2.944810    641.587  54.787894    634.315    1461.56    34.5953 0.0000e+00
     0.5424   2.951820    633.659  54.788009    626.489    1461.70    34.6414 0.0000e+00
     0.5745   2.954400    624.231  54.788125    617.182    1461.69    34.6446 0.0000e+00
     0.6801   2.962990    615.161  54.788241    608.227    1462.01    34.6437 0.0000e+00
     0.7685   2.970960    606.625  54.788356    599.800    1462.29    34.6534 0.0000e+00
     0.8889   2.979300    596.340  54.788472    589.645    1462.63    34.6332 0.0000e+00
     0.9200   2.984380    587.948  54.788588    581.359    1462.68    34.6689 0.0000e+00
     0.9469   2.986490    578.306  54.788704    571.838    1462.64    34.6718 0.0000e+00
     0.9765   2.988680    569.128  54.788819    562.775    1462.63    34.6724 0.0000e+00
     0.9986   2.990710    558.736  54.788935    552.513    1462.56    34.6799 0.0000e+00
     1.0340   2.993450    549.058  54.789051    542.956    1462.57    34.6814 0.0000e+00
     1.0421   2.994270    542.594  54.789167    536.572    1462.50    34.6866 0.0000e+00
     1.0493   2.994980    536.559  54.789282    530.611    1462.44    34.6912 0.0000e+00
     1.0676   2.996310    529.845  54.789398    523.980    1462.41    34.6919 0.0000e+00
     1.0774   2.997020    522.739  54.789514    516.962    1462.34    34.6942 0.0000e+00
     1.0782   2.996900    516.168  54.789630    510.471    1462.24    34.6955 0.0000e+00
     1.0676   2.995810    509.739  54.789745    504.121    1462.09    34.6970 0.0000e+00
     1.0660   2.995380    503.133  54.789861    497.596    1461.97    34.6971 0.0000e+00
     1.0685   2.995230    495.955  54.789977    490.505    1461.87    34.6965 0.0000e+00
     1.0761   2.995490    489.062  54.790093    483.696    1461.78    34.6954 0.0000e+00
     1.0884   2.996100    482.206  54.790208    476.923    1461.72    34.6935 0.0000e+00
     1.0988   2.996420    475.528  54.790324    470.326    1461.65    34.6899 0.0000e+00
     1.1792   3.002380    467.278  54.790440    462.175    1461.87    34.6820 0.0000e+00
     1.1471   3.000190    459.457  54.790556    454.448    1461.61    34.6940 0.0000e+00
     1.1969   3.003730    451.137  54.790671    446.228    1461.69    34.6890 0.0000e+00
     1.2505   3.008010    443.816  54.790787    438.994    1461.81    34.6886 0.0000e+00
     1.2849   3.010510    436.638  54.790903    431.902    1461.84    34.6866 0.0000e+00
     1.2768   3.009570    429.209  54.791019    424.561    1461.68    34.6878 0.0000e+00
     1.2896   3.010880    422.424  54.791134    417.856    1461.64    34.6943 0.0000e+00
     1.2307   3.005730    413.925  54.791250    409.458    1461.24    34.6986 0.0000e+00
     1.2115   3.004440    405.890  54.791366    401.517    1461.04    34.7079 0.0000e+00
     1.2397   3.005590    397.855  54.791481    393.576    1461.01    34.6961 0.0000e+00
     1.2196   3.003060    388.998  54.791597    384.823    1460.77    34.6911 0.0000e+00
     1.1660   2.999230    381.320  54.791713    377.234    1460.43    34.7058 0.0000e+00
     1.1547   2.996430    373.106  54.791829    369.115    1460.22    34.6872 0.0000e+00
     1.1326   2.993650    364.357  54.791944    360.468    1459.96    34.6812 0.0000e+00
     1.1194   2.991680    355.358  54.792060    351.572    1459.75    34.6757 0.0000e+00
     1.1098   2.990730    345.930  54.792176    342.252    1459.56    34.6797 0.0000e+00
     1.0732   2.986460    337.037  54.792292    333.461    1459.23    34.6706 0.0000e+00
     1.0421   2.983740    328.609  54.792407    325.129    1458.96    34.6751 0.0000e+00
     1.0056   2.980080    319.467  54.792523    316.091    1458.65    34.6738 0.0000e+00
     0.9500   2.973740    310.182  54.792639    306.911    1458.23    34.6594 0.0000e+00
     0.8963   2.968290    299.719  54.792755    296.566    1457.81    34.6549 0.0000e+00
     0.9648   2.972740    290.184  54.792870    287.138    1457.94    34.6417 0.0000e+00
     0.9381   2.969430    281.577  54.792986    278.627    1457.67    34.6338 0.0000e+00
     0.8654   2.963800    271.506  54.793102    268.668    1457.19    34.6479 0.0000e+00
     0.7374   2.951180    261.364  54.793218    258.638    1456.43    34.6330 0.0000e+00
     0.6904   2.946290    250.972  54.793333    248.361    1456.04    34.6281 0.0000e+00
     0.5581   2.935370    240.759  54.793449    238.260    1455.29    34.6399 0.0000e+00
     0.3459   2.916560    231.759  54.793565    229.358    1454.18    34.6372 0.0000e+00
     0.2447   2.906440    222.724  54.793681    220.422    1453.55    34.6234 0.0000e+00
     0.1667   2.896970    215.368  54.793796    213.146    1453.03    34.5908 0.0000e+00
    -0.0510   2.879400    206.654  54.793912    204.526    1451.92    34.6092 0.0000e+00
    -0.3080   2.855630    197.297  54.794028    195.270    1450.56    34.5894 0.0000e+00
    -0.3891   2.848280    190.298  54.794144    188.346    1450.07    34.5875 0.0000e+00
    -0.5227   2.839480    182.834  54.794259    180.962    1449.38    34.6260 0.0000e+00
    -0.7083   2.821500    174.478  54.794375    172.695    1448.35    34.6006 0.0000e+00
    -0.7885   2.810330    165.085  54.794491    163.401    1447.75    34.5469 0.0000e+00
    -0.8904   2.798670    156.729  54.794606    155.134    1447.08    34.5104 0.0000e+00
    -1.1407   2.780700    147.158  54.794722    145.664    1445.83    34.5585 0.0000e+00
    -1.2342   2.766750    138.302  54.794838    136.900    1445.13    34.4803 0.0000e+00
    -1.1768   2.767360    128.517  54.794954    127.218    1445.17    34.4288 0.0000e+00
    -1.3684   2.751230    119.017  54.795069    117.816    1444.12    34.4335 0.0000e+00
    -1.4638   2.743090    109.197  54.795185    108.098    1443.52    34.4373 0.0000e+00
    -1.3713   2.745790    100.161  54.795301     99.155    1443.71    34.3737 0.0000e+00
    -1.3374   2.743910     89.769  54.795417     88.870    1443.62    34.3154 0.0000e+00
    -1.3320   2.748510     80.020  54.795532     79.220    1443.57    34.3788 0.0000e+00
    -1.4295   2.733530     71.235  54.795648     70.525    1442.84    34.2897 0.0000e+00
    -1.3066   2.735280     64.093  54.795764     63.455    1443.15    34.1774 0.0000e+00
    -1.2772   2.732310     57.772  54.795880     57.198    1443.08    34.1069 0.0000e+00
    -1.2728   2.726940     51.701  54.795995     51.188    1442.90    34.0319 0.0000e+00
    -1.2805   2.724790     46.701  54.796111     46.238    1442.75    34.0143 0.0000e+00
    -1.2827   2.724190     41.701  54.796227     41.288    1442.66    34.0117 0.0000e+00
    -1.2837   2.723920     36.130  54.796343     35.773    1442.56    34.0126 0.0000e+00
    -1.2827   2.723600     29.381  54.796458     29.091    1442.45    34.0113 0.0000e+00
    -1.2682   2.723740     23.881  54.796574     23.646    1442.42    34.0002 0.0000e+00
    -1.2131   2.724920     17.703  54.796690     17.529    1442.51    33.9577 0.0000e+00
    -1.2047   2.723580     10.525  54.796806     10.422    1442.40    33.9343 0.0000e+00
    -1.2072   2.723250      3.633  54.796921      3.597    1442.28    33.9369 0.0000e+00
    -1.2026   2.723430     -0.510  54.797037     -0.505    1442.24    33.9368 0.0000e+00
    -1.3310   0.107760     -0.510  54.797153     -0.505    1397.14     1.0759 0.0000e+00
    -1.1904   0.072580     -0.510  54.797269     -0.505    1397.38     0.7078 0.0000e+00
    -1.0580   0.059320     -0.510  54.797384     -0.505    1397.87     0.5707 0.0000e+00
    -1.0650   0.054830     -0.510  54.797500     -0.505    1397.78     0.5257 0.0000e+00
    -1.0269   0.044390     -0.510  54.797616     -0.505    1397.84     0.4211 0.0000e+00
    -0.9648   0.045130     -0.510  54.797731     -0.505    1398.16     0.4276 0.0000e+00
    -0.9394   0.050130     -0.510  54.797847     -0.505    1398.35     0.4768 0.0000e+00
    -0.6407   0.038120     -0.510  54.797963     -0.505    1399.69     0.3547 0.0000e+00
    -0.5405   0.034070     -0.510  54.798079     -0.505    1400.15     0.3144 0.0000e+00
    -0.3546   0.037390     -0.510  54.798194     -0.505    1401.11     0.3444 0.0000e+00
    -0.2958   0.037610     -0.510  54.798310     -0.505    1401.41     0.3458 0.0000e+00
    -0.2825   0.034900     -0.510  54.798426     -0.505    1401.44     0.3197 0.0000e+00
    -0.2087   0.031660     -0.510  54.798542     -0.505    1401.77     0.2881 0.0000e+00
     0.0092   0.030400     -0.510  54.798657     -0.505    1402.83     0.2742 0.0000e+00
     0.0925   0.028100     -0.510  54.798773     -0.505    1403.22     0.2519 0.0000e+00
     0.0491   0.026380     -0.510  54.798889     -0.505    1402.98     0.2362 0.0000e+00
     0.1989   0.026510     -0.510  54.799005     -0.505    1403.73     0.2363 0.0000e+00
     0.2475   0.026360     -0.510  54.799120     -0.505    1403.96     0.2345 0.0000e+00
     0.2430   0.026260     -0.510  54.799236     -0.505    1403.94     0.2336 0.0000e+00
     0.4064   0.026180     -0.510  54.799352     -0.505    1404.74     0.2317 0.0000e+00
     0.3644   0.025860     -0.510  54.799468     -0.505    1404.53     0.2290 0.0000e+00
     0.2736   0.025490     -0.510  54.799583     -0.505    1404.08     0.2263 0.0000e+00
     0.4265   0.025370     -0.510  54.799699     -0.505    1404.83     0.2241 0.0000e+00
     0.3846   0.024920     -0.510  54.799815     -0.505    1404.62     0.2202 0.0000e+00
     0.4943   0.024440     -0.510  54.799931     -0.505    1405.16     0.2150 0.0000e+00
     0.4324   0.024300     -0.474  54.800046     -0.469    1404.85     0.2142 0.0000e+00
     0.3470   0.025640     -0.474  54.800162     -0.469    1404.45     0.2271 0.0000e+00
     0.4966   0.026490     -0.474  54.800278     -0.469    1405.19     0.2339 0.0000e+00
     0.4354   0.024880     -0.474  54.800394     -0.469    1404.87     0.2195 0.0000e+00
     0.5638   0.023700     -0.474  54.800509     -0.469    1405.49     0.2078 0.0000e+00
     0.5284   0.022420     -0.474  54.800625     -0.469    1405.30     0.1963 0.0000e+00
     0.3753   0.021760     -0.474  54.800741     -0.469    1404.54     0.1912 0.0000e+00
     0.3953   0.021510     -0.474  54.800833     -0.469    1404.64     0.1888 0.0000e+00
