data/input/seabird/tan1802_094_ctd_converted.cnv
* Sea-Bird SBE37 Data File:
* FileName = C:\Users\useradmin.NIWA-34334\Desktop\TAN1802_mCat_CTD\raw\tan1802_094_ctd.asc
* Software Version 1.59
* Temperature SN = 5838
* Conductivity SN = 5838
* System UpLoad Time = Feb 23 2018 20:17:53
** Trip=tan1802
** Station = 094
** Date = 23 Feb 2018
** Time = 1845 NZST
# nquan = 8                                 
# nvalues = 705                         
# units = metric
# name 0 = t090: temperature, ITS-90 [deg C]
# name 1 = c0S/m: conductivity [S/m]
# name 2 = pr: pressure [db]
# name 3 = timeJ: time [julian days]
# name 4 = depSM: Depth [salt water, m], lat = -65
# name 5 = svWM: Sound Velocity [Wilson, m/s]
# name 6 = sal00: Salinity, Practical [PSU]
# name 7 = flag: flag
# span 0 =    -1.6127,     1.4879       
# span 1 =   0.013240,   3.010880       
# span 2 =     -0.510,    809.825       
# span 3 =  54.719387,  54.800833       
# span 4 =     -0.505,    800.324       
# span 5 =    1397.14,    1462.68       
# span 6 =     0.1143,    34.7468       
# span 7 = 0.0000e+00, 0.0000e+00       
# interval = seconds: 10
# start_time = Feb 23 2017 17:15:55
# bad_flag = -9.990e-29
*END*
[from data line 180]
     0.6055   2.961720    634.981  54.740208    627.794    1462.08    34.6988 0.0000e+00
     0.4774   2.951490    643.230  54.740324    635.937    1461.65    34.7041 0.0000e+00
     0.4276   2.942890    651.372  54.740440    643.974    1461.47    34.6431 0.0000e+00
     0.3377   2.939630    659.622  54.740556    652.118    1461.28    34.6962 0.0000e+00
     0.5482   2.958190    668.264  54.740671    660.648    1462.37    34.6978 0.0000e+00
     0.5511   2.957170    677.013  54.740787    669.283    1462.50    34.6763 0.0000e+00
     0.5158   2.955130    685.263  54.740903    677.425    1462.49    34.6844 0.0000e+00
     0.4546   2.950430    694.548  54.741019    686.589    1462.37    34.6862 0.0000e+00
     0.3976   2.945610    702.726  54.741134    694.659    1462.24    34.6824 0.0000e+00
     0.3007   2.939470    711.439  54.741250    703.258    1461.98    34.7056 0.0000e+00
     0.2652   2.939980    720.582  54.741366    712.280    1462.03    34.7468 0.0000e+00
     0.3459   2.942360    727.224  54.741481    718.834    1462.41    34.6836 0.0000e+00
     0.1811   2.928240    732.795  54.741597    724.331    1461.75    34.6802 0.0000e+00
     0.0161   2.916090    736.759  54.741713    728.242    1461.10    34.7036 0.0000e+00
    -0.0586   2.911490    739.437  54.741829    730.885    1460.83    34.7255 0.0000e+00
    -0.0722   2.907310    742.723  54.741944    734.127    1460.77    34.6837 0.0000e+00
    -0.0801   2.906680    746.901  54.742060    738.249    1460.80    34.6818 0.0000e+00
    -0.0837   2.906010    750.687  54.742176    741.985    1460.83    34.6748 0.0000e+00
    -0.0854   2.905780    755.186  54.742292    746.423    1460.90    34.6711 0.0000e+00
    -0.0864   2.906210    757.436  54.742407    748.643    1460.94    34.6766 0.0000e+00
    -0.0865   2.905660    756.722  54.742523    747.939    1460.91    34.6699 0.0000e+00
    -0.0864   2.905610    758.293  54.742639    749.489    1460.94    34.6682 0.0000e+00
    -0.0871   2.905390    757.972  54.742755    749.172    1460.93    34.6662 0.0000e+00
    -0.0875   2.905400    758.222  54.742870    749.419    1460.93    34.6667 0.0000e+00
    -0.0874   2.905250    757.008  54.742986    748.221    1460.91    34.6653 0.0000e+00
    -0.0876   2.905200    756.972  54.743102    748.185    1460.91    34.6649 0.0000e+00
    -0.0876   2.905230    757.829  54.743218    749.031    1460.92    34.6648 0.0000e+00
    -0.0877   2.905130    756.579  54.743333    747.798    1460.90    34.6643 0.0000e+00
    -0.0879   2.905080    756.365  54.743449    747.587    1460.89    34.6640 0.0000e+00
    -0.0878   2.905050    755.401  54.743565    746.635    1460.88    34.6640 0.0000e+00
    -0.0884   2.905000    755.472  54.743681    746.706    1460.88    34.6640 0.0000e+00
    -0.0878   2.904970    754.151  54.743796    745.402    1460.86    34.6637 0.0000e+00
    -0.0882   2.905040    755.508  54.743912    746.741    1460.88    34.6643 0.0000e+00
    -0.0883   2.905000    755.365  54.744028    746.600    1460.88    34.6640 0.0000e+00
    -0.0882   2.904870    752.401  54.744144    743.676    1460.83    34.6639 0.0000e+00
    -0.0882   2.904900    753.544  54.744259    744.803    1460.85    34.6636 0.0000e+00
    -0.0884   2.904880    753.686  54.744375    744.943    1460.85    34.6635 0.0000e+00
    -0.0886   2.904880    753.865  54.744491    745.120    1460.85    34.6636 0.0000e+00
    -0.0883   2.904890    753.829  54.744606    745.085    1460.85    34.6634 0.0000e+00
    -0.0883   2.904880    753.115  54.744722    744.380    1460.84    34.6637 0.0000e+00
    -0.0865   2.904880    751.829  54.744838    743.111    1460.82    34.6624 0.0000e+00
    -0.0876   2.904800    751.437  54.744954    742.725    1460.81    34.6628 0.0000e+00
    -0.0889   2.904640    749.865  54.745069    741.174    1460.78    34.6631 0.0000e+00
    -0.0873   2.904760    750.401  54.745185    741.702    1460.80    34.6626 0.0000e+00
    -0.0891   2.904720    750.615  54.745301    741.914    1460.79    34.6639 0.0000e+00
    -0.0886   2.904660    749.115  54.745417    740.434    1460.77    34.6634 0.0000e+00
    -0.0883   2.904640    748.722  54.745532    740.046    1460.76    34.6631 0.0000e+00
    -0.0883   2.904670    748.365  54.745648    739.694    1460.76    34.6637 0.0000e+00
    -0.0893   2.904550    747.723  54.745764    739.060    1460.74    34.6636 0.0000e+00
    -0.0894   2.904550    747.008  54.745880    738.355    1460.73    34.6641 0.0000e+00
    -0.0891   2.904500    746.116  54.745995    737.475    1460.72    34.6636 0.0000e+00
    -0.0890   2.904500    745.973  54.746111    737.334    1460.72    34.6636 0.0000e+00
    -0.0895   2.904490    745.473  54.746227    736.840    1460.71    34.6643 0.0000e+00
    -0.0889   2.904530    746.116  54.746343    737.475    1460.72    34.6638 0.0000e+00
    -0.0880   2.904550    745.616  54.746458    736.981    1460.71    34.6634 0.0000e+00
    -0.0883   2.904480    744.901  54.746574    736.276    1460.70    34.6632 0.0000e+00
    -0.0889   2.904470    744.366  54.746690    735.748    1460.69    34.6640 0.0000e+00
    -0.0886   2.904420    743.473  54.746806    734.867    1460.68    34.6636 0.0000e+00
    -0.0887   2.904340    741.973  54.746921    733.387    1460.65    34.6635 0.0000e+00
    -0.0870   2.904500    742.437  54.747037    733.845    1460.67    34.6634 0.0000e+00
    -0.0882   2.904440    742.080  54.747153    733.492    1460.66    34.6642 0.0000e+00
    -0.0861   2.904550    742.901  54.747269    734.303    1460.68    34.6628 0.0000e+00
    -0.0863   2.904440    741.187  54.747384    732.611    1460.65    34.6626 0.0000e+00
    -0.0845   2.904570    739.937  54.747500    731.378    1460.64    34.6630 0.0000e+00
    -0.0849   2.904480    739.723  54.747616    731.167    1460.63    34.6624 0.0000e+00
    -0.0871   2.904370    738.580  54.747731    730.039    1460.60    34.6641 0.0000e+00
    -0.0882   2.904290    738.723  54.747847    730.180    1460.60    34.6642 0.0000e+00
    -0.0883   2.904250    737.152  54.747963    728.630    1460.57    34.6647 0.0000e+00
    -0.0886   2.904140    736.795  54.748079    728.278    1460.57    34.6638 0.0000e+00
    -0.0886   2.904090    736.188  54.748194    727.679    1460.56    34.6635 0.0000e+00
    -0.0886   2.904090    736.652  54.748310    728.137    1460.56    34.6632 0.0000e+00
    -0.0885   2.904100    736.045  54.748426    727.538    1460.55    34.6636 0.0000e+00
    -0.0884   2.904060    735.331  54.748542    726.833    1460.54    34.6633 0.0000e+00
    -0.0886   2.904010    733.866  54.748657    725.388    1460.52    34.6638 0.0000e+00
    -0.0891   2.903920    732.724  54.748773    724.261    1460.50    34.6638 0.0000e+00
    -0.0883   2.903900    731.688  54.748889    723.239    1460.48    34.6632 0.0000e+00
    -0.0871   2.903880    730.438  54.749005    722.005    1460.47    34.6623 0.0000e+00
    -0.0877   2.903880    730.474  54.749120    722.041    1460.46    34.6630 0.0000e+00
    -0.0869   2.903740    727.045  54.749236    718.657    1460.41    34.6622 0.0000e+00
    -0.0875   2.903780    727.724  54.749352    719.327    1460.42    34.6631 0.0000e+00
    -0.0880   2.903770    726.831  54.749468    718.446    1460.40    34.6640 0.0000e+00
    -0.0861   2.903840    726.760  54.749583    718.376    1460.41    34.6628 0.0000e+00
    -0.0873   2.903800    727.224  54.749699    718.834    1460.41    34.6634 0.0000e+00
    -0.0869   2.903790    727.188  54.749815    718.798    1460.41    34.6628 0.0000e+00
    -0.0864   2.903780    724.938  54.749931    716.578    1460.38    34.6634 0.0000e+00
    -0.0866   2.903840    726.795  54.750046    718.411    1460.41    34.6634 0.0000e+00
    -0.0866   2.903940    729.045  54.750162    720.631    1460.45    34.6634 0.0000e+00
    -0.0870   2.903920    729.795  54.750278    721.371    1460.46    34.6631 0.0000e+00
    -0.0872   2.904030    731.259  54.750394    722.815    1460.48    34.6640 0.0000e+00
    -0.0872   2.904080    732.509  54.750509    724.049    1460.50    34.6639 0.0000e+00
    -0.0865   2.904180    733.616  54.750625    725.141    1460.52    34.6638 0.0000e+00
    -0.0846   2.904220    734.152  54.750741    725.670    1460.54    34.6619 0.0000e+00
    -0.0842   2.904510    736.973  54.750856    728.453    1460.59    34.6636 0.0000e+00
    -0.0852   2.904550    739.080  54.750972    730.532    1460.62    34.6640 0.0000e+00
    -0.0856   2.904520    739.545  54.751088    730.991    1460.63    34.6638 0.0000e+00
    -0.0862   2.904590    741.294  54.751204    732.717    1460.65    34.6644 0.0000e+00
    -0.0871   2.904520    741.080  54.751319    732.506    1460.65    34.6646 0.0000e+00
    -0.0869   2.904510    740.830  54.751435    732.259    1460.64    34.6644 0.0000e+00
    -0.0873   2.904500    741.973  54.751551    733.387    1460.66    34.6640 0.0000e+00
    -0.0874   2.904560    743.973  54.751667    735.360    1460.69    34.6638 0.0000e+00
    -0.0872   2.904640    745.151  54.751782    736.523    1460.71    34.6639 0.0000e+00
    -0.0872   2.904670    745.830  54.751898    737.192    1460.72    34.6639 0.0000e+00
    -0.0869   2.904840    748.687  54.752014    740.011    1460.77    34.6642 0.0000e+00
    -0.0870   2.904880    750.222  54.752130    741.526    1460.80    34.6639 0.0000e+00
    -0.0872   2.904880    750.151  54.752245    741.456    1460.79    34.6642 0.0000e+00
    -0.0875   2.905010    753.972  54.752361    745.226    1460.86    34.6640 0.0000e+00
    -0.0876   2.904980    753.615  54.752477    744.873    1460.85    34.6639 0.0000e+00
    -0.0878   2.904960    754.008  54.752593    745.261    1460.85    34.6637 0.0000e+00
    -0.0880   2.904980    754.365  54.752708    745.613    1460.86    34.6639 0.0000e+00
    -0.0880   2.905060    756.079  54.752824    747.304    1460.89    34.6640 0.0000e+00
    -0.0875   2.905160    756.936  54.752940    748.150    1460.91    34.6643 0.0000e+00
    -0.0875   2.905230    758.793  54.753056    749.982    1460.94    34.6641 0.0000e+00
    -0.0870   2.905400    761.222  54.753171    752.378    1460.98    34.6644 0.0000e+00
    -0.0862   2.905480    762.400  54.753287    753.541    1461.00    34.6638 0.0000e+00
    -0.0866   2.905500    763.043  54.753403    754.175    1461.01    34.6642 0.0000e+00
    -0.0868   2.905450    763.364  54.753519    754.492    1461.01    34.6636 0.0000e+00
    -0.0871   2.905540    764.864  54.753634    755.972    1461.04    34.6642 0.0000e+00
    -0.0869   2.905630    767.221  54.753750    758.297    1461.08    34.6638 0.0000e+00
    -0.0865   2.905650    767.257  54.753866    758.332    1461.08    34.6636 0.0000e+00
    -0.0864   2.905740    768.578  54.753981    759.636    1461.10    34.6639 0.0000e+00
    -0.0863   2.905840    770.328  54.754097    761.362    1461.13    34.6641 0.0000e+00
    -0.0861   2.905890    771.078  54.754213    762.102    1461.15    34.6641 0.0000e+00
    -0.0860   2.905900    771.578  54.754329    762.595    1461.15    34.6638 0.0000e+00
    -0.0860   2.906000    774.006  54.754444    764.991    1461.19    34.6637 0.0000e+00
    -0.0861   2.906090    775.292  54.754560    766.259    1461.22    34.6643 0.0000e+00
    -0.0857   2.906090    775.399  54.754676    766.365    1461.22    34.6638 0.0000e+00
    -0.0859   2.906150    777.399  54.754792    768.338    1461.25    34.6636 0.0000e+00
    -0.0864   2.906180    778.328  54.754907    769.254    1461.26    34.6640 0.0000e+00
    -0.0865   2.906190    778.720  54.755023    769.641    1461.27    34.6641 0.0000e+00
    -0.0867   2.906230    781.113  54.755139    772.002    1461.31    34.6634 0.0000e+00
    -0.0857   2.906370    781.756  54.755255    772.636    1461.32    34.6638 0.0000e+00
    -0.0872   2.906300    781.577  54.755370    772.459    1461.32    34.6646 0.0000e+00
    -0.0867   2.906380    784.256  54.755486    775.102    1461.36    34.6636 0.0000e+00
    -0.0862   2.906460    784.970  54.755602    775.806    1461.37    34.6637 0.0000e+00
    -0.0864   2.906510    785.541  54.755718    776.370    1461.38    34.6642 0.0000e+00
    -0.0864   2.906590    787.613  54.755833    778.414    1461.42    34.6641 0.0000e+00
    -0.0857   2.906560    786.113  54.755949    776.934    1461.40    34.6638 0.0000e+00
    -0.0853   2.906710    788.720  54.756065    779.506    1461.44    34.6638 0.0000e+00
    -0.0849   2.906760    788.684  54.756181    779.470    1461.44    34.6640 0.0000e+00
    -0.0853   2.906860    791.362  54.756296    782.112    1461.49    34.6642 0.0000e+00
    -0.0856   2.906860    792.005  54.756412    782.746    1461.49    34.6642 0.0000e+00
    -0.0862   2.906720    789.827  54.756528    780.598    1461.46    34.6643 0.0000e+00
    -0.0857   2.906800    791.505  54.756644    782.253    1461.49    34.6638 0.0000e+00
    -0.0858   2.906860    792.362  54.756759    783.098    1461.50    34.6642 0.0000e+00
    -0.0858   2.906890    792.969  54.756875    783.697    1461.51    34.6642 0.0000e+00
    -0.0867   2.906860    793.505  54.756991    784.226    1461.52    34.6646 0.0000e+00
    -0.0864   2.906880    794.648  54.757106    785.353    1461.53    34.6638 0.0000e+00
    -0.0864   2.906880    794.969  54.757222    785.670    1461.54    34.6636 0.0000e+00
    -0.0865   2.906880    794.791  54.757338    785.494    1461.54    34.6638 0.0000e+00
    -0.0872   2.906880    795.326  54.757454    786.022    1461.54    34.6643 0.0000e+00
    -0.0871   2.906910    796.326  54.757569    787.009    1461.56    34.6640 0.0000e+00
    -0.0876   2.906930    796.541  54.757685    787.221    1461.56    34.6647 0.0000e+00
    -0.0862   2.907060    798.040  54.757801    788.699    1461.59    34.6640 0.0000e+00
    -0.0859   2.907120    798.755  54.757917    789.404    1461.61    34.6640 0.0000e+00
    -0.0859   2.907170    799.790  54.758032    790.425    1461.62    34.6641 0.0000e+00
    -0.0868   2.907090    799.719  54.758148    790.355    1461.62    34.6641 0.0000e+00
    -0.0881   2.907080    801.612  54.758264    792.223    1461.64    34.6643 0.0000e+00
    -0.0871   2.907130    801.862  54.758380    792.469    1461.65    34.6637 0.0000e+00
    -0.0872   2.907120    801.469  54.758495    792.082    1461.64    34.6639 0.0000e+00
    -0.0864   2.907210    802.004  54.758611    792.609    1461.66    34.6639 0.0000e+00
    -0.0865   2.907200    802.004  54.758727    792.609    1461.66    34.6639 0.0000e+00
    -0.0862   2.907270    803.683  54.758843    794.265    1461.68    34.6635 0.0000e+00
    -0.0871   2.907150    802.397  54.758958    792.997    1461.66    34.6637 0.0000e+00
    -0.0863   2.907250    802.790  54.759074    793.385    1461.67    34.6639 0.0000e+00
    -0.0862   2.907270    803.254  54.759190    793.842    1461.68    34.6637 0.0000e+00
    -0.0865   2.907270    803.683  54.759306    794.265    1461.68    34.6638 0.0000e+00
    -0.0864   2.907300    803.219  54.759421    793.808    1461.68    34.6644 0.0000e+00
    -0.0855   2.907330    803.933  54.759537    794.512    1461.69    34.6634 0.0000e+00
    -0.0853   2.907460    806.040  54.759653    796.590    1461.73    34.6636 0.0000e+00
    -0.0849   2.907500    805.504  54.759769    796.062    1461.72    34.6640 0.0000e+00
    -0.0854   2.907460    806.004  54.759884    796.555    1461.73    34.6638 0.0000e+00
    -0.0858   2.907390    805.397  54.760000    795.956    1461.72    34.6636 0.0000e+00
    -0.0841   2.907590    806.897  54.760116    797.436    1461.75    34.6635 0.0000e+00
    -0.0844   2.907650    808.468  54.760231    798.985    1461.77    34.6637 0.0000e+00
    -0.0853   2.907500    806.540  54.760347    797.084    1461.74    34.6639 0.0000e+00
    -0.0851   2.907550    807.433  54.760463    797.964    1461.75    34.6638 0.0000e+00
    -0.0856   2.907540    806.933  54.760579    797.471    1461.74    34.6645 0.0000e+00
    -0.0872   2.907400    807.290  54.760694    797.823    1461.74    34.6642 0.0000e+00
    -0.0876   2.907410    808.004  54.760810    798.528    1461.75    34.6644 0.0000e+00
